7.619047619047616959e-02
0.000000000000000000e+00
1.980952380952380742e-01
0.000000000000000000e+00
0.000000000000000000e+00
0.000000000000000000e+00
0.000000000000000000e+00
0.000000000000000000e+00
0.000000000000000000e+00
0.000000000000000000e+00
-2.730158730158730451e-01
0.000000000000000000e+00
-1.587301587301588046e-01
0.000000000000000000e+00
0.000000000000000000e+00
0.000000000000000000e+00
0.000000000000000000e+00
0.000000000000000000e+00
-1.346031746031745913e+00
0.000000000000000000e+00
-4.925444925444923405e-01
0.000000000000000000e+00
-4.462204462204463207e-01
0.000000000000000000e+00
0.000000000000000000e+00
0.000000000000000000e+00
0.000000000000000000e+00
0.000000000000000000e+00
-1.544011544011544057e+00
0.000000000000000000e+00
-6.682206682206681680e-01
0.000000000000000000e+00
-6.999999999999998446e-01
0.000000000000000000e+00
0.000000000000000000e+00
0.000000000000000000e+00
0.000000000000000000e+00
0.000000000000000000e+00
-1.724941724941724708e+00
0.000000000000000000e+00
-8.242424242424242209e-01
0.000000000000000000e+00
-9.347410759175467376e-01
0.000000000000000000e+00
0.000000000000000000e+00
0.000000000000000000e+00
0.000000000000000000e+00
0.000000000000000000e+00
-1.902564102564102466e+00
0.000000000000000000e+00
-9.699346405228758128e-01
0.000000000000000000e+00
-1.157647058823529473e+00
0.000000000000000000e+00
0.000000000000000000e+00
0.000000000000000000e+00
0.000000000000000000e+00
0.000000000000000000e+00
-2.080241327300150989e+00
0.000000000000000000e+00
-1.109597523219814308e+00
0.000000000000000000e+00
-1.372683044509670269e+00
0.000000000000000000e+00
0.000000000000000000e+00
0.000000000000000000e+00
0.000000000000000000e+00
0.000000000000000000e+00
-2.258823529411764675e+00
0.000000000000000000e+00
-1.245466607695709715e+00
0.000000000000000000e+00
0.000000000000000000e+00
0.000000000000000000e+00
0.000000000000000000e+00
0.000000000000000000e+00
0.000000000000000000e+00
0.000000000000000000e+00
-2.438449063836060304e+00
0.000000000000000000e+00
-1.378809342196069876e+00
0.000000000000000000e+00
3.428571428571429713e-01
0.000000000000000000e+00
4.184704184704187702e-01
0.000000000000000000e+00
0.000000000000000000e+00
0.000000000000000000e+00
0.000000000000000000e+00
0.000000000000000000e+00
-2.539682539682547313e-02
0.000000000000000000e+00
2.077922077922056410e-02
0.000000000000000000e+00
8.562865705722838561e-02
0.000000000000000000e+00
0.000000000000000000e+00
0.000000000000000000e+00
0.000000000000000000e+00
0.000000000000000000e+00
-3.116883116883116256e-01
0.000000000000000000e+00
-1.798201798201798929e-01
0.000000000000000000e+00
-1.767676767676769067e-01
0.000000000000000000e+00
0.000000000000000000e+00
0.000000000000000000e+00
-1.327561327561327387e+00
0.000000000000000000e+00
-4.875124875124876023e-01
0.000000000000000000e+00
-3.356643356643355114e-01
0.000000000000000000e+00
-4.044060514648751825e-01
0.000000000000000000e+00
0.000000000000000000e+00
0.000000000000000000e+00
-1.498501498501498608e+00
0.000000000000000000e+00
-6.254856254856253628e-01
0.000000000000000000e+00
-4.699300699300699158e-01
0.000000000000000000e+00
-6.121457489878541214e-01
0.000000000000000000e+00
0.000000000000000000e+00
0.000000000000000000e+00
-1.653457653457653276e+00
0.000000000000000000e+00
-7.463595228301110884e-01
0.000000000000000000e+00
-5.921409859490354144e-01
0.000000000000000000e+00
-8.073660086043986661e-01
0.000000000000000000e+00
0.000000000000000000e+00
0.000000000000000000e+00
-1.804470039764157319e+00
0.000000000000000000e+00
-8.582043343653251721e-01
0.000000000000000000e+00
-7.069438301636445932e-01
0.000000000000000000e+00
0.000000000000000000e+00
0.000000000000000000e+00
0.000000000000000000e+00
0.000000000000000000e+00
-1.954751131221719396e+00
0.000000000000000000e+00
-9.647648533097449297e-01
0.000000000000000000e+00
-8.168759494644539654e-01
0.000000000000000000e+00
0.000000000000000000e+00
0.000000000000000000e+00
0.000000000000000000e+00
0.000000000000000000e+00
-2.105263157894736725e+00
0.000000000000000000e+00
-1.067996077149395262e+00
0.000000000000000000e+00
1.173333333333333117e+00
0.000000000000000000e+00
5.264069264069263232e-01
0.000000000000000000e+00
6.353646353646354994e-01
0.000000000000000000e+00
0.000000000000000000e+00
0.000000000000000000e+00
0.000000000000000000e+00
0.000000000000000000e+00
2.649350649350649678e-01
0.000000000000000000e+00
2.051282051282051488e-01
0.000000000000000000e+00
3.018648018648018017e-01
0.000000000000000000e+00
0.000000000000000000e+00
0.000000000000000000e+00
-5.387205387205384888e-02
0.000000000000000000e+00
-1.438561438561446193e-02
0.000000000000000000e+00
8.880008880008810612e-03
0.000000000000000000e+00
4.578718304208491408e-02
0.000000000000000000e+00
0.000000000000000000e+00
0.000000000000000000e+00
-3.176823176823176942e-01
0.000000000000000000e+00
-1.836829836829835250e-01
0.000000000000000000e+00
-1.401343754284929410e-01
0.000000000000000000e+00
-1.718591006516707043e-01
0.000000000000000000e+00
-1.296037296037296116e+00
0.000000000000000000e+00
-4.773892773892772778e-01
0.000000000000000000e+00
-3.119703825586179202e-01
0.000000000000000000e+00
-2.657602459460043920e-01
0.000000000000000000e+00
-3.673601939855809517e-01
0.000000000000000000e+00
-1.457653457653457663e+00
0.000000000000000000e+00
-6.006368359309536276e-01
0.000000000000000000e+00
-4.203182575937993715e-01
0.000000000000000000e+00
-3.779947606572993113e-01
0.000000000000000000e+00
0.000000000000000000e+00
0.000000000000000000e+00
-1.601755107637460318e+00
0.000000000000000000e+00
-7.070774426811577973e-01
0.000000000000000000e+00
-5.174565372707787825e-01
0.000000000000000000e+00
-4.818183566332712164e-01
0.000000000000000000e+00
0.000000000000000000e+00
0.000000000000000000e+00
-1.740232522895061473e+00
0.000000000000000000e+00
-8.044772564896403022e-01
0.000000000000000000e+00
-6.076726342710996320e-01
0.000000000000000000e+00
0.000000000000000000e+00
0.000000000000000000e+00
0.000000000000000000e+00
0.000000000000000000e+00
-1.876637294593950900e+00
0.000000000000000000e+00
-8.964952876650279512e-01
0.000000000000000000e+00
-6.933200007691865396e-01
0.000000000000000000e+00
1.370851370851370765e+00
0.000000000000000000e+00
6.837606837606838850e-01
0.000000000000000000e+00
8.468531468531467210e-01
0.000000000000000000e+00
0.000000000000000000e+00
0.000000000000000000e+00
1.096681096681096479e+00
0.000000000000000000e+00
4.422244422244422934e-01
0.000000000000000000e+00
3.512043512043513394e-01
0.000000000000000000e+00
5.016682663741482973e-01
0.000000000000000000e+00
0.000000000000000000e+00
0.000000000000000000e+00
2.364302364302364734e-01
0.000000000000000000e+00
1.600621600621601748e-01
0.000000000000000000e+00
1.525054466230937322e-01
0.000000000000000000e+00
2.431488016627332271e-01
0.000000000000000000e+00
-6.216006216006217389e-02
0.000000000000000000e+00
-2.610722610722611414e-02
0.000000000000000000e+00
-8.357655416479065069e-03
0.000000000000000000e+00
4.714927315546485476e-03
0.000000000000000000e+00
2.777520818612823350e-02
0.000000000000000000e+00
-3.154623154623154013e-01
0.000000000000000000e+00
-1.828237122354769983e-01
0.000000000000000000e+00
-1.333650869254584537e-01
0.000000000000000000e+00
-1.176037584706315642e-01
0.000000000000000000e+00
-1.266200466200466224e+00
0.000000000000000000e+00
-4.675411734235264127e-01
0.000000000000000000e+00
-2.996384420533028115e-01
0.000000000000000000e+00
-2.367085958417227132e-01
0.000000000000000000e+00
-2.251743858958826783e-01
0.000000000000000000e+00
-1.424379542026600776e+00
0.000000000000000000e+00
-5.834722552988808042e-01
0.000000000000000000e+00
-3.968477343090345277e-01
0.000000000000000000e+00
-3.275728175445498658e-01
0.000000000000000000e+00
0.000000000000000000e+00
0.000000000000000000e+00
-1.563281300742601410e+00
0.000000000000000000e+00
-6.824135616705275798e-01
0.000000000000000000e+00
-4.829307184940513920e-01
0.000000000000000000e+00
-4.105609291771628033e-01
0.000000000000000000e+00
0.000000000000000000e+00
0.000000000000000000e+00
-1.694949013834462725e+00
0.000000000000000000e+00
-7.720437233157652068e-01
0.000000000000000000e+00
-5.620844951252812471e-01
0.000000000000000000e+00
0.000000000000000000e+00
0.000000000000000000e+00
1.562437562437562377e+00
0.000000000000000000e+00
8.295704295704295905e-01
0.000000000000000000e+00
1.053795877325289343e+00
0.000000000000000000e+00
0.000000000000000000e+00
0.000000000000000000e+00
1.291565577279862875e+00
0.000000000000000000e+00
5.819735819735821769e-01
0.000000000000000000e+00
4.793089263677499656e-01
0.000000000000000000e+00
6.910216718266256608e-01
0.000000000000000000e+00
1.058941058941059055e+00
0.000000000000000000e+00
4.084804084804084523e-01
0.000000000000000000e+00
2.905329964153493538e-01
0.000000000000000000e+00
2.743510359609430127e-01
0.000000000000000000e+00
4.252094654571434429e-01
0.000000000000000000e+00
2.237762237762238038e-01
0.000000000000000000e+00
1.420801420801419690e-01
0.000000000000000000e+00
1.195089739981380350e-01
0.000000000000000000e+00
1.247050163458831018e-01
0.000000000000000000e+00
-6.340326340326343790e-02
0.000000000000000000e+00
-3.027560674619501901e-02
0.000000000000000000e+00
-1.484583527927178792e-02
0.000000000000000000e+00
-5.292265354184831627e-03
0.000000000000000000e+00
2.846527547025488880e-03
0.000000000000000000e+00
-3.109831345125463331e-01
0.000000000000000000e+00
-1.805624715841434302e-01
0.000000000000000000e+00
-1.296433184978076913e-01
0.000000000000000000e+00
-1.067956138625138773e-01
0.000000000000000000e+00
-1.240422322775263986e+00
0.000000000000000000e+00
-4.589144601528502010e-01
0.000000000000000000e+00
-2.913495173557092977e-01
0.000000000000000000e+00
-2.232612812771649635e-01
0.000000000000000000e+00
-1.947295940027129191e-01
0.000000000000000000e+00
-1.397475589426053766e+00
0.000000000000000000e+00
-5.706986511940072004e-01
0.000000000000000000e+00
-3.825444981724427373e-01
0.000000000000000000e+00
-3.045978116647116707e-01
0.000000000000000000e+00
0.000000000000000000e+00
0.000000000000000000e+00
-1.533698499642772051e+00
0.000000000000000000e+00
-6.652160600202060570e-01
0.000000000000000000e+00
-4.625200617124159419e-01
0.000000000000000000e+00
-3.781369145675051446e-01
0.000000000000000000e+00
0.000000000000000000e+00
0.000000000000000000e+00
1.752447552447552459e+00
0.000000000000000000e+00
9.692307692307692291e-01
0.000000000000000000e+00
1.257213622291021515e+00
0.000000000000000000e+00
0.000000000000000000e+00
0.000000000000000000e+00
1.468531468531468320e+00
0.000000000000000000e+00
7.048951048951049847e-01
0.000000000000000000e+00
5.974755894260536104e-01
0.000000000000000000e+00
8.733062603031642723e-01
0.000000000000000000e+00
1.250971250971250948e+00
0.000000000000000000e+00
5.396346572817162235e-01
0.000000000000000000e+00
4.001861915174609319e-01
0.000000000000000000e+00
3.839009287925697067e-01
0.000000000000000000e+00
1.037762237762237749e+00
0.000000000000000000e+00
3.916083916083916705e-01
0.000000000000000000e+00
2.649981597350017370e-01
0.000000000000000000e+00
2.242958280109982883e-01
0.000000000000000000e+00
2.304896610994336958e-01
0.000000000000000000e+00
2.176881941587823499e-01
0.000000000000000000e+00
1.333650869254583426e-01
0.000000000000000000e+00
1.055446101885730847e-01
0.000000000000000000e+00
9.784938442900488476e-02
0.000000000000000000e+00
-6.194067370537963135e-02
0.000000000000000000e+00
-3.142566411916257463e-02
0.000000000000000000e+00
-1.752633331580703835e-02
0.000000000000000000e+00
-9.395688491125361863e-03
0.000000000000000000e+00
-3.586624709252160537e-03
0.000000000000000000e+00
-3.060728744939270607e-01
0.000000000000000000e+00
-1.779644504102709246e-01
0.000000000000000000e+00
-1.268417946301914900e-01
0.000000000000000000e+00
-1.017633598061649935e-01
0.000000000000000000e+00
-1.218575851393188803e+00
0.000000000000000000e+00
-4.515360800190521551e-01
0.000000000000000000e+00
-2.851610631930997508e-01
0.000000000000000000e+00
-2.151236836928047125e-01
0.000000000000000000e+00
-1.809126396554044947e-01
0.000000000000000000e+00
-1.375497567448032088e+00
0.000000000000000000e+00
-5.607615339746178096e-01
0.000000000000000000e+00
-3.726887354131935837e-01
0.000000000000000000e+00
-2.911353404824935098e-01
0.000000000000000000e+00
0.000000000000000000e+00
0.000000000000000000e+00
0.000000000000000000e+00
0.000000000000000000e+00
1.941880341880341643e+00
0.000000000000000000e+00
1.105194358445132696e+00
0.000000000000000000e+00
1.457922882071488457e+00
0.000000000000000000e+00
0.000000000000000000e+00
0.000000000000000000e+00
1.638100461629872884e+00
0.000000000000000000e+00
8.188616337223149078e-01
0.000000000000000000e+00
7.095385522630104358e-01
0.000000000000000000e+00
0.000000000000000000e+00
0.000000000000000000e+00
1.419402674304635292e+00
0.000000000000000000e+00
6.519301132304229363e-01
0.000000000000000000e+00
4.983197057500464711e-01
0.000000000000000000e+00
4.857839398154380484e-01
0.000000000000000000e+00
1.227295580236756667e+00
0.000000000000000000e+00
5.174632728812293969e-01
0.000000000000000000e+00
3.661044837515426420e-01
0.000000000000000000e+00
3.160310771025539589e-01
0.000000000000000000e+00
1.024836601307189454e+00
0.000000000000000000e+00
3.821515945354955202e-01
0.000000000000000000e+00
2.516231618398801495e-01
0.000000000000000000e+00
2.024866744209858904e-01
0.000000000000000000e+00
1.867111216956417463e-01
0.000000000000000000e+00
2.147177899499881359e-01
0.000000000000000000e+00
1.287463826163516567e-01
0.000000000000000000e+00
9.831916885356112301e-02
0.000000000000000000e+00
8.604947347712194050e-02
0.000000000000000000e+00
-5.944272445820435180e-02
0.000000000000000000e+00
-3.124553465110741640e-02
0.000000000000000000e+00
-1.853936434633704500e-02
0.000000000000000000e+00
-1.127482618935030795e-02
0.000000000000000000e+00
-6.395901401958691002e-03
0.000000000000000000e+00
-3.013415892672858809e-01
0.000000000000000000e+00
-1.754040817171790556e-01
0.000000000000000000e+00
-1.245224018140964894e-01
0.000000000000000000e+00
-9.859459675047235749e-02
0.000000000000000000e+00
-1.200058970956803917e+00
0.000000000000000000e+00
-4.452392703839736510e-01
0.000000000000000000e+00
-2.802820547335286294e-01
0.000000000000000000e+00
-2.095013036997153133e-01
0.000000000000000000e+00
-1.728098225855538850e-01
0.000000000000000000e+00
0.000000000000000000e+00
0.000000000000000000e+00
0.000000000000000000e+00
0.000000000000000000e+00
2.131021671826625496e+00
0.000000000000000000e+00
1.238743918620079487e+00
0.000000000000000000e+00
0.000000000000000000e+00
0.000000000000000000e+00
0.000000000000000000e+00
0.000000000000000000e+00
1.803858061443200933e+00
0.000000000000000000e+00
9.274952086097596471e-01
0.000000000000000000e+00
8.175682172182372476e-01
0.000000000000000000e+00
0.000000000000000000e+00
0.000000000000000000e+00
1.577284634869773994e+00
0.000000000000000000e+00
7.539890450107167297e-01
0.000000000000000000e+00
5.893967655712173404e-01
0.000000000000000000e+00
0.000000000000000000e+00
0.000000000000000000e+00
1.390149169715733102e+00
0.000000000000000000e+00
6.235250817294160086e-01
0.000000000000000000e+00
4.549875574239553577e-01
0.000000000000000000e+00
3.996323289041016635e-01
0.000000000000000000e+00
1.212288640152417551e+00
0.000000000000000000e+00
5.043625105544610188e-01
0.000000000000000000e+00
3.476914793377304802e-01
0.000000000000000000e+00
2.860407757540615048e-01
0.000000000000000000e+00
1.016470588235294015e+00
0.000000000000000000e+00
3.764705882352941679e-01
0.000000000000000000e+00
2.437847520631206688e-01
0.000000000000000000e+00
1.906540894830031363e-01
0.000000000000000000e+00
1.671766799778645896e-01
0.000000000000000000e+00
2.133569217160549147e-01
0.000000000000000000e+00
1.261998198328794507e-01
0.000000000000000000e+00
9.419634074365534904e-02
0.000000000000000000e+00
7.967694171490100064e-02
0.000000000000000000e+00
-5.661211853162313734e-02
0.000000000000000000e+00
-3.045978116647116152e-02
0.000000000000000000e+00
-1.874448071782842257e-02
0.000000000000000000e+00
-1.211667987815514408e-02
0.000000000000000000e+00
-7.780944877969094703e-03
0.000000000000000000e+00
-2.969828663730939011e-01
0.000000000000000000e+00
-1.730115570255562063e-01
0.000000000000000000e+00
-1.225348110258595857e-01
0.000000000000000000e+00
-9.628919286486795071e-02
0.000000000000000000e+00
0.000000000000000000e+00
0.000000000000000000e+00
0.000000000000000000e+00
0.000000000000000000e+00
0.000000000000000000e+00
0.000000000000000000e+00
2.319971050621205677e+00
0.000000000000000000e+00
1.370620226455466550e+00
0.000000000000000000e+00
0.000000000000000000e+00
0.000000000000000000e+00
0.000000000000000000e+00
0.000000000000000000e+00
1.967351533915000950e+00
0.000000000000000000e+00
1.032690421706440098e+00
0.000000000000000000e+00
0.000000000000000000e+00
0.000000000000000000e+00
0.000000000000000000e+00
0.000000000000000000e+00
1.729416094741172083e+00
0.000000000000000000e+00
8.498654992126523089e-01
0.000000000000000000e+00
6.758295413026871312e-01
0.000000000000000000e+00
0.000000000000000000e+00
0.000000000000000000e+00
1.540532082609200382e+00
0.000000000000000000e+00
7.186493678619134684e-01
0.000000000000000000e+00
5.363136742111032085e-01
0.000000000000000000e+00
0.000000000000000000e+00
0.000000000000000000e+00
1.371235575569940801e+00
0.000000000000000000e+00
6.063103675164517314e-01
0.000000000000000000e+00
4.311751245120474807e-01
0.000000000000000000e+00
3.611912832534718842e-01
0.000000000000000000e+00
1.202203369386031895e+00
0.000000000000000000e+00
4.960118178586344628e-01
0.000000000000000000e+00
3.365022539716307493e-01
0.000000000000000000e+00
2.694425748941834953e-01
0.000000000000000000e+00
1.010815809577419344e+00
0.000000000000000000e+00
3.729015633713440026e-01
0.000000000000000000e+00
2.388643258746906972e-01
0.000000000000000000e+00
1.834710002161880349e-01
0.000000000000000000e+00
1.563136247806297396e-01
0.000000000000000000e+00
2.128723342884064063e-01
0.000000000000000000e+00
1.247928004153606579e-01
0.000000000000000000e+00
9.171265760308699999e-02
0.000000000000000000e+00
7.586421256019894310e-02
0.000000000000000000e+00
-5.375758236170133375e-02
0.000000000000000000e+00
-2.940753418072035441e-02
0.000000000000000000e+00
-1.853861300431688258e-02
0.000000000000000000e+00
-1.242218014946198587e-02
0.000000000000000000e+00
-8.471189988111603453e-03
