1.142857142857142821e-01
0.000000000000000000e+00
1.142857142857142821e-01
0.000000000000000000e+00
0.000000000000000000e+00
0.000000000000000000e+00
0.000000000000000000e+00
0.000000000000000000e+00
0.000000000000000000e+00
0.000000000000000000e+00
7.619047619047619735e-02
0.000000000000000000e+00
8.658008658008657654e-02
0.000000000000000000e+00
0.000000000000000000e+00
0.000000000000000000e+00
0.000000000000000000e+00
0.000000000000000000e+00
1.142857142857142821e-01
0.000000000000000000e+00
5.772005772005772001e-02
0.000000000000000000e+00
6.993006993006993521e-02
0.000000000000000000e+00
0.000000000000000000e+00
0.000000000000000000e+00
0.000000000000000000e+00
0.000000000000000000e+00
8.658008658008657654e-02
0.000000000000000000e+00
4.662004662004662348e-02
0.000000000000000000e+00
5.874125874125873947e-02
0.000000000000000000e+00
0.000000000000000000e+00
0.000000000000000000e+00
0.000000000000000000e+00
0.000000000000000000e+00
6.993006993006993521e-02
0.000000000000000000e+00
3.916083916083916427e-02
0.000000000000000000e+00
5.067873303167420851e-02
0.000000000000000000e+00
0.000000000000000000e+00
0.000000000000000000e+00
0.000000000000000000e+00
0.000000000000000000e+00
5.874125874125873947e-02
0.000000000000000000e+00
3.378582202111613669e-02
0.000000000000000000e+00
4.458204334365325344e-02
0.000000000000000000e+00
0.000000000000000000e+00
0.000000000000000000e+00
0.000000000000000000e+00
0.000000000000000000e+00
5.067873303167420851e-02
0.000000000000000000e+00
2.972136222910216549e-02
0.000000000000000000e+00
3.980539584254754598e-02
0.000000000000000000e+00
0.000000000000000000e+00
0.000000000000000000e+00
0.000000000000000000e+00
0.000000000000000000e+00
4.458204334365325344e-02
0.000000000000000000e+00
2.653693056169836514e-02
0.000000000000000000e+00
0.000000000000000000e+00
0.000000000000000000e+00
0.000000000000000000e+00
0.000000000000000000e+00
0.000000000000000000e+00
0.000000000000000000e+00
3.980539584254754598e-02
0.000000000000000000e+00
2.397297591805601022e-02
0.000000000000000000e+00
7.619047619047619735e-02
0.000000000000000000e+00
8.658008658008657654e-02
0.000000000000000000e+00
0.000000000000000000e+00
0.000000000000000000e+00
0.000000000000000000e+00
0.000000000000000000e+00
7.619047619047619735e-02
0.000000000000000000e+00
5.194805194805195148e-02
0.000000000000000000e+00
6.660006660006660695e-02
0.000000000000000000e+00
0.000000000000000000e+00
0.000000000000000000e+00
0.000000000000000000e+00
0.000000000000000000e+00
5.194805194805195148e-02
0.000000000000000000e+00
3.996003996003996001e-02
0.000000000000000000e+00
5.439005439005439174e-02
0.000000000000000000e+00
0.000000000000000000e+00
0.000000000000000000e+00
8.658008658008657654e-02
0.000000000000000000e+00
3.996003996003996001e-02
0.000000000000000000e+00
3.263403263403263227e-02
0.000000000000000000e+00
4.607157548334019082e-02
0.000000000000000000e+00
0.000000000000000000e+00
0.000000000000000000e+00
6.660006660006660695e-02
0.000000000000000000e+00
3.263403263403263227e-02
0.000000000000000000e+00
2.764294529000411310e-02
0.000000000000000000e+00
4.000952607763753194e-02
0.000000000000000000e+00
0.000000000000000000e+00
0.000000000000000000e+00
5.439005439005439174e-02
0.000000000000000000e+00
2.764294529000411310e-02
0.000000000000000000e+00
2.400571564658252055e-02
0.000000000000000000e+00
3.538257408226448686e-02
0.000000000000000000e+00
0.000000000000000000e+00
0.000000000000000000e+00
4.607157548334019082e-02
0.000000000000000000e+00
2.400571564658252055e-02
0.000000000000000000e+00
2.122954444935869212e-02
0.000000000000000000e+00
0.000000000000000000e+00
0.000000000000000000e+00
0.000000000000000000e+00
0.000000000000000000e+00
4.000952607763753194e-02
0.000000000000000000e+00
2.122954444935869212e-02
0.000000000000000000e+00
1.903736322904447942e-02
0.000000000000000000e+00
0.000000000000000000e+00
0.000000000000000000e+00
0.000000000000000000e+00
0.000000000000000000e+00
3.538257408226448686e-02
0.000000000000000000e+00
1.903736322904447942e-02
0.000000000000000000e+00
1.142857142857142821e-01
0.000000000000000000e+00
5.772005772005772001e-02
0.000000000000000000e+00
6.993006993006993521e-02
0.000000000000000000e+00
0.000000000000000000e+00
0.000000000000000000e+00
0.000000000000000000e+00
0.000000000000000000e+00
5.194805194805195148e-02
0.000000000000000000e+00
3.996003996003996001e-02
0.000000000000000000e+00
5.439005439005439174e-02
0.000000000000000000e+00
0.000000000000000000e+00
0.000000000000000000e+00
5.772005772005772001e-02
0.000000000000000000e+00
3.596403596403596747e-02
0.000000000000000000e+00
3.108003108003108000e-02
0.000000000000000000e+00
4.479180949769184794e-02
0.000000000000000000e+00
0.000000000000000000e+00
0.000000000000000000e+00
3.996003996003996001e-02
0.000000000000000000e+00
2.797202797202797200e-02
0.000000000000000000e+00
2.559531971296677075e-02
0.000000000000000000e+00
3.819091125592673913e-02
0.000000000000000000e+00
6.993006993006993521e-02
0.000000000000000000e+00
3.108003108003108000e-02
0.000000000000000000e+00
2.303578774167009541e-02
0.000000000000000000e+00
2.182337786052956224e-02
0.000000000000000000e+00
3.334127173136461342e-02
0.000000000000000000e+00
5.439005439005439174e-02
0.000000000000000000e+00
2.559531971296677075e-02
0.000000000000000000e+00
1.964104007447660741e-02
0.000000000000000000e+00
1.905215527506549239e-02
0.000000000000000000e+00
0.000000000000000000e+00
0.000000000000000000e+00
4.479180949769184794e-02
0.000000000000000000e+00
2.182337786052956224e-02
0.000000000000000000e+00
1.714693974755894176e-02
0.000000000000000000e+00
1.692210064803953765e-02
0.000000000000000000e+00
0.000000000000000000e+00
0.000000000000000000e+00
3.819091125592673913e-02
0.000000000000000000e+00
1.905215527506549239e-02
0.000000000000000000e+00
1.522989058323558249e-02
0.000000000000000000e+00
0.000000000000000000e+00
0.000000000000000000e+00
0.000000000000000000e+00
0.000000000000000000e+00
3.334127173136461342e-02
0.000000000000000000e+00
1.692210064803953765e-02
0.000000000000000000e+00
1.370690152491202407e-02
0.000000000000000000e+00
8.658008658008657654e-02
0.000000000000000000e+00
4.662004662004662348e-02
0.000000000000000000e+00
5.874125874125873947e-02
0.000000000000000000e+00
0.000000000000000000e+00
0.000000000000000000e+00
8.658008658008657654e-02
0.000000000000000000e+00
3.996003996003996001e-02
0.000000000000000000e+00
3.263403263403263227e-02
0.000000000000000000e+00
4.607157548334019082e-02
0.000000000000000000e+00
0.000000000000000000e+00
0.000000000000000000e+00
3.996003996003996001e-02
0.000000000000000000e+00
2.797202797202797200e-02
0.000000000000000000e+00
2.559531971296677075e-02
0.000000000000000000e+00
3.819091125592673913e-02
0.000000000000000000e+00
4.662004662004662348e-02
0.000000000000000000e+00
2.797202797202797200e-02
0.000000000000000000e+00
2.193884546825723356e-02
0.000000000000000000e+00
2.121717291995929913e-02
0.000000000000000000e+00
3.273506679079434684e-02
0.000000000000000000e+00
3.263403263403263227e-02
0.000000000000000000e+00
2.193884546825723356e-02
0.000000000000000000e+00
1.818614821710796969e-02
0.000000000000000000e+00
1.818614821710796969e-02
0.000000000000000000e+00
5.874125874125873947e-02
0.000000000000000000e+00
2.559531971296677075e-02
0.000000000000000000e+00
1.818614821710796969e-02
0.000000000000000000e+00
1.558812704323540160e-02
0.000000000000000000e+00
1.594582561065263984e-02
0.000000000000000000e+00
4.607157548334019082e-02
0.000000000000000000e+00
2.121717291995929913e-02
0.000000000000000000e+00
1.558812704323540160e-02
0.000000000000000000e+00
1.366785052341654844e-02
0.000000000000000000e+00
0.000000000000000000e+00
0.000000000000000000e+00
3.819091125592673913e-02
0.000000000000000000e+00
1.818614821710796969e-02
0.000000000000000000e+00
1.366785052341654844e-02
0.000000000000000000e+00
1.218391246658846565e-02
0.000000000000000000e+00
0.000000000000000000e+00
0.000000000000000000e+00
3.273506679079434684e-02
0.000000000000000000e+00
1.594582561065263984e-02
0.000000000000000000e+00
1.218391246658846565e-02
0.000000000000000000e+00
0.000000000000000000e+00
0.000000000000000000e+00
6.993006993006993521e-02
0.000000000000000000e+00
3.916083916083916427e-02
0.000000000000000000e+00
5.067873303167420851e-02
0.000000000000000000e+00
0.000000000000000000e+00
0.000000000000000000e+00
6.660006660006660695e-02
0.000000000000000000e+00
3.263403263403263227e-02
0.000000000000000000e+00
2.764294529000411310e-02
0.000000000000000000e+00
4.000952607763753194e-02
0.000000000000000000e+00
6.993006993006993521e-02
0.000000000000000000e+00
3.108003108003108000e-02
0.000000000000000000e+00
2.303578774167009541e-02
0.000000000000000000e+00
2.182337786052956224e-02
0.000000000000000000e+00
3.334127173136461342e-02
0.000000000000000000e+00
3.263403263403263227e-02
0.000000000000000000e+00
2.193884546825723356e-02
0.000000000000000000e+00
1.818614821710796969e-02
0.000000000000000000e+00
1.818614821710796969e-02
0.000000000000000000e+00
3.916083916083916427e-02
0.000000000000000000e+00
2.303578774167009541e-02
0.000000000000000000e+00
1.732014115915044700e-02
0.000000000000000000e+00
1.515512351425664199e-02
0.000000000000000000e+00
1.565590150864077518e-02
0.000000000000000000e+00
2.764294529000411310e-02
0.000000000000000000e+00
1.818614821710796969e-02
0.000000000000000000e+00
1.443345096595870583e-02
0.000000000000000000e+00
1.304658459053397758e-02
0.000000000000000000e+00
5.067873303167420851e-02
0.000000000000000000e+00
2.182337786052956224e-02
0.000000000000000000e+00
1.515512351425664199e-02
0.000000000000000000e+00
1.242531865765140846e-02
0.000000000000000000e+00
1.148099443966990076e-02
0.000000000000000000e+00
4.000952607763753194e-02
0.000000000000000000e+00
1.818614821710796969e-02
0.000000000000000000e+00
1.304658459053397758e-02
0.000000000000000000e+00
1.093428041873323840e-02
0.000000000000000000e+00
0.000000000000000000e+00
0.000000000000000000e+00
3.334127173136461342e-02
0.000000000000000000e+00
1.565590150864077518e-02
0.000000000000000000e+00
1.148099443966990076e-02
0.000000000000000000e+00
9.777213707756176458e-03
0.000000000000000000e+00
0.000000000000000000e+00
0.000000000000000000e+00
5.874125874125873947e-02
0.000000000000000000e+00
3.378582202111613669e-02
0.000000000000000000e+00
4.458204334365325344e-02
0.000000000000000000e+00
0.000000000000000000e+00
0.000000000000000000e+00
5.439005439005439174e-02
0.000000000000000000e+00
2.764294529000411310e-02
0.000000000000000000e+00
2.400571564658252055e-02
0.000000000000000000e+00
3.538257408226448686e-02
0.000000000000000000e+00
5.439005439005439174e-02
0.000000000000000000e+00
2.559531971296677075e-02
0.000000000000000000e+00
1.964104007447660741e-02
0.000000000000000000e+00
1.905215527506549239e-02
0.000000000000000000e+00
5.874125874125873947e-02
0.000000000000000000e+00
2.559531971296677075e-02
0.000000000000000000e+00
1.818614821710796969e-02
0.000000000000000000e+00
1.558812704323540160e-02
0.000000000000000000e+00
1.594582561065263984e-02
0.000000000000000000e+00
2.764294529000411310e-02
0.000000000000000000e+00
1.818614821710796969e-02
0.000000000000000000e+00
1.443345096595870583e-02
0.000000000000000000e+00
1.304658459053397758e-02
0.000000000000000000e+00
3.378582202111613669e-02
0.000000000000000000e+00
1.964104007447660741e-02
0.000000000000000000e+00
1.443345096595870583e-02
0.000000000000000000e+00
1.208017091716109132e-02
0.000000000000000000e+00
1.127224908622135625e-02
0.000000000000000000e+00
2.400571564658252055e-02
0.000000000000000000e+00
1.558812704323540160e-02
0.000000000000000000e+00
1.208017091716109132e-02
0.000000000000000000e+00
1.043726767242718172e-02
0.000000000000000000e+00
4.458204334365325344e-02
0.000000000000000000e+00
1.905215527506549239e-02
0.000000000000000000e+00
1.304658459053397758e-02
0.000000000000000000e+00
1.043726767242718172e-02
0.000000000000000000e+00
9.213143686154858653e-03
0.000000000000000000e+00
3.538257408226448686e-02
0.000000000000000000e+00
1.594582561065263984e-02
0.000000000000000000e+00
1.127224908622135625e-02
0.000000000000000000e+00
9.213143686154858653e-03
0.000000000000000000e+00
0.000000000000000000e+00
0.000000000000000000e+00
0.000000000000000000e+00
0.000000000000000000e+00
5.067873303167420851e-02
0.000000000000000000e+00
2.972136222910216549e-02
0.000000000000000000e+00
3.980539584254754598e-02
0.000000000000000000e+00
0.000000000000000000e+00
0.000000000000000000e+00
4.607157548334019082e-02
0.000000000000000000e+00
2.400571564658252055e-02
0.000000000000000000e+00
2.122954444935869212e-02
0.000000000000000000e+00
0.000000000000000000e+00
0.000000000000000000e+00
4.479180949769184794e-02
0.000000000000000000e+00
2.182337786052956224e-02
0.000000000000000000e+00
1.714693974755894176e-02
0.000000000000000000e+00
1.692210064803953765e-02
0.000000000000000000e+00
4.607157548334019082e-02
0.000000000000000000e+00
2.121717291995929913e-02
0.000000000000000000e+00
1.558812704323540160e-02
0.000000000000000000e+00
1.366785052341654844e-02
0.000000000000000000e+00
5.067873303167420851e-02
0.000000000000000000e+00
2.182337786052956224e-02
0.000000000000000000e+00
1.515512351425664199e-02
0.000000000000000000e+00
1.242531865765140846e-02
0.000000000000000000e+00
1.148099443966990076e-02
0.000000000000000000e+00
2.400571564658252055e-02
0.000000000000000000e+00
1.558812704323540160e-02
0.000000000000000000e+00
1.208017091716109132e-02
0.000000000000000000e+00
1.043726767242718172e-02
0.000000000000000000e+00
2.972136222910216549e-02
0.000000000000000000e+00
1.714693974755894176e-02
0.000000000000000000e+00
1.242531865765140846e-02
0.000000000000000000e+00
1.014734357041531705e-02
0.000000000000000000e+00
9.045631982770224733e-03
0.000000000000000000e+00
2.122954444935869212e-02
0.000000000000000000e+00
1.366785052341654844e-02
0.000000000000000000e+00
1.043726767242718172e-02
0.000000000000000000e+00
8.794364427693273853e-03
0.000000000000000000e+00
3.980539584254754598e-02
0.000000000000000000e+00
1.692210064803953765e-02
0.000000000000000000e+00
1.148099443966990076e-02
0.000000000000000000e+00
9.045631982770224733e-03
0.000000000000000000e+00
7.783517941751518128e-03
0.000000000000000000e+00
0.000000000000000000e+00
0.000000000000000000e+00
0.000000000000000000e+00
0.000000000000000000e+00
4.458204334365325344e-02
0.000000000000000000e+00
2.653693056169836514e-02
0.000000000000000000e+00
0.000000000000000000e+00
0.000000000000000000e+00
0.000000000000000000e+00
0.000000000000000000e+00
4.000952607763753194e-02
0.000000000000000000e+00
2.122954444935869212e-02
0.000000000000000000e+00
1.903736322904447942e-02
0.000000000000000000e+00
0.000000000000000000e+00
0.000000000000000000e+00
3.819091125592673913e-02
0.000000000000000000e+00
1.905215527506549239e-02
0.000000000000000000e+00
1.522989058323558249e-02
0.000000000000000000e+00
0.000000000000000000e+00
0.000000000000000000e+00
3.819091125592673913e-02
0.000000000000000000e+00
1.818614821710796969e-02
0.000000000000000000e+00
1.366785052341654844e-02
0.000000000000000000e+00
1.218391246658846565e-02
0.000000000000000000e+00
4.000952607763753194e-02
0.000000000000000000e+00
1.818614821710796969e-02
0.000000000000000000e+00
1.304658459053397758e-02
0.000000000000000000e+00
1.093428041873323840e-02
0.000000000000000000e+00
4.458204334365325344e-02
0.000000000000000000e+00
1.905215527506549239e-02
0.000000000000000000e+00
1.304658459053397758e-02
0.000000000000000000e+00
1.043726767242718172e-02
0.000000000000000000e+00
9.213143686154858653e-03
0.000000000000000000e+00
2.122954444935869212e-02
0.000000000000000000e+00
1.366785052341654844e-02
0.000000000000000000e+00
1.043726767242718172e-02
0.000000000000000000e+00
8.794364427693273853e-03
0.000000000000000000e+00
2.653693056169836514e-02
0.000000000000000000e+00
1.522989058323558249e-02
0.000000000000000000e+00
1.093428041873323840e-02
0.000000000000000000e+00
8.794364427693273853e-03
0.000000000000000000e+00
7.641999433719673038e-03
0.000000000000000000e+00
1.903736322904447942e-02
0.000000000000000000e+00
1.218391246658846565e-02
0.000000000000000000e+00
9.213143686154858653e-03
0.000000000000000000e+00
7.641999433719673038e-03
0.000000000000000000e+00
0.000000000000000000e+00
0.000000000000000000e+00
0.000000000000000000e+00
0.000000000000000000e+00
0.000000000000000000e+00
0.000000000000000000e+00
3.980539584254754598e-02
0.000000000000000000e+00
2.397297591805601022e-02
0.000000000000000000e+00
0.000000000000000000e+00
0.000000000000000000e+00
0.000000000000000000e+00
0.000000000000000000e+00
3.538257408226448686e-02
0.000000000000000000e+00
1.903736322904447942e-02
0.000000000000000000e+00
0.000000000000000000e+00
0.000000000000000000e+00
0.000000000000000000e+00
0.000000000000000000e+00
3.334127173136461342e-02
0.000000000000000000e+00
1.692210064803953765e-02
0.000000000000000000e+00
1.370690152491202407e-02
0.000000000000000000e+00
0.000000000000000000e+00
0.000000000000000000e+00
3.273506679079434684e-02
0.000000000000000000e+00
1.594582561065263984e-02
0.000000000000000000e+00
1.218391246658846565e-02
0.000000000000000000e+00
0.000000000000000000e+00
0.000000000000000000e+00
3.334127173136461342e-02
0.000000000000000000e+00
1.565590150864077518e-02
0.000000000000000000e+00
1.148099443966990076e-02
0.000000000000000000e+00
9.777213707756176458e-03
0.000000000000000000e+00
3.538257408226448686e-02
0.000000000000000000e+00
1.594582561065263984e-02
0.000000000000000000e+00
1.127224908622135625e-02
0.000000000000000000e+00
9.213143686154858653e-03
0.000000000000000000e+00
3.980539584254754598e-02
0.000000000000000000e+00
1.692210064803953765e-02
0.000000000000000000e+00
1.148099443966990076e-02
0.000000000000000000e+00
9.045631982770224733e-03
0.000000000000000000e+00
7.783517941751518128e-03
0.000000000000000000e+00
1.903736322904447942e-02
0.000000000000000000e+00
1.218391246658846565e-02
0.000000000000000000e+00
9.213143686154858653e-03
0.000000000000000000e+00
7.641999433719673038e-03
0.000000000000000000e+00
2.397297591805601022e-02
0.000000000000000000e+00
1.370690152491202407e-02
0.000000000000000000e+00
9.777213707756176458e-03
0.000000000000000000e+00
7.783517941751518128e-03
0.000000000000000000e+00
6.655934990659070037e-03
