1.904761904761905489e-01
0.000000000000000000e+00
-2.379682539682538511e+00
0.000000000000000000e+00
0.000000000000000000e+00
0.000000000000000000e+00
0.000000000000000000e+00
0.000000000000000000e+00
0.000000000000000000e+00
0.000000000000000000e+00
8.253968253968252400e-02
0.000000000000000000e+00
-2.568542568542567572e+00
0.000000000000000000e+00
0.000000000000000000e+00
0.000000000000000000e+00
0.000000000000000000e+00
0.000000000000000000e+00
2.659047619047617772e+00
0.000000000000000000e+00
4.694564694564684615e-02
0.000000000000000000e+00
-2.672660672660672532e+00
0.000000000000000000e+00
0.000000000000000000e+00
0.000000000000000000e+00
0.000000000000000000e+00
0.000000000000000000e+00
2.741702741702740642e+00
0.000000000000000000e+00
3.108003108003098980e-02
0.000000000000000000e+00
-2.737995337995337675e+00
0.000000000000000000e+00
0.000000000000000000e+00
0.000000000000000000e+00
0.000000000000000000e+00
0.000000000000000000e+00
2.793872793872794080e+00
0.000000000000000000e+00
2.264402264402276543e-02
0.000000000000000000e+00
-2.782503770739064741e+00
0.000000000000000000e+00
0.000000000000000000e+00
0.000000000000000000e+00
0.000000000000000000e+00
0.000000000000000000e+00
2.829370629370628887e+00
0.000000000000000000e+00
1.759678230266503718e-02
0.000000000000000000e+00
-2.814613003095975508e+00
0.000000000000000000e+00
0.000000000000000000e+00
0.000000000000000000e+00
0.000000000000000000e+00
0.000000000000000000e+00
2.854901960784313353e+00
0.000000000000000000e+00
1.431028551771529322e-02
0.000000000000000000e+00
-2.838781445592592156e+00
0.000000000000000000e+00
0.000000000000000000e+00
0.000000000000000000e+00
0.000000000000000000e+00
0.000000000000000000e+00
2.874055727554180262e+00
0.000000000000000000e+00
1.203007518796983533e-02
0.000000000000000000e+00
0.000000000000000000e+00
0.000000000000000000e+00
0.000000000000000000e+00
0.000000000000000000e+00
0.000000000000000000e+00
0.000000000000000000e+00
2.888906758875799508e+00
0.000000000000000000e+00
1.036847718769928761e-02
0.000000000000000000e+00
-5.142857142857142350e-01
0.000000000000000000e+00
-3.102453102453102574e+00
0.000000000000000000e+00
0.000000000000000000e+00
0.000000000000000000e+00
0.000000000000000000e+00
0.000000000000000000e+00
8.000000000000001554e-01
0.000000000000000000e+00
-5.922077922077924050e-01
0.000000000000000000e+00
-3.211074639646066764e+00
0.000000000000000000e+00
0.000000000000000000e+00
0.000000000000000000e+00
0.000000000000000000e+00
0.000000000000000000e+00
7.220779220779227625e-01
0.000000000000000000e+00
-6.253746253746255146e-01
0.000000000000000000e+00
-3.274281274281274801e+00
0.000000000000000000e+00
0.000000000000000000e+00
0.000000000000000000e+00
3.333333333333333925e+00
0.000000000000000000e+00
7.012987012987013102e-01
0.000000000000000000e+00
-6.433566433566437759e-01
0.000000000000000000e+00
-3.315873668814845132e+00
0.000000000000000000e+00
0.000000000000000000e+00
0.000000000000000000e+00
3.360924789496218423e+00
0.000000000000000000e+00
6.946386946386939876e-01
0.000000000000000000e+00
-6.545454545454543194e-01
0.000000000000000000e+00
-3.345367944748750322e+00
0.000000000000000000e+00
0.000000000000000000e+00
0.000000000000000000e+00
3.383061383061383598e+00
0.000000000000000000e+00
6.925545043192100625e-01
0.000000000000000000e+00
-6.621576565849012219e-01
0.000000000000000000e+00
-3.367375658397330440e+00
0.000000000000000000e+00
0.000000000000000000e+00
0.000000000000000000e+00
3.400338223867636955e+00
0.000000000000000000e+00
6.921648011431295044e-01
0.000000000000000000e+00
-6.676691729323305236e-01
0.000000000000000000e+00
0.000000000000000000e+00
0.000000000000000000e+00
0.000000000000000000e+00
0.000000000000000000e+00
3.413955703738984493e+00
0.000000000000000000e+00
6.924369747899161709e-01
0.000000000000000000e+00
-6.718458550468242585e-01
0.000000000000000000e+00
0.000000000000000000e+00
0.000000000000000000e+00
0.000000000000000000e+00
0.000000000000000000e+00
3.424872341281010257e+00
0.000000000000000000e+00
6.929600215372193617e-01
0.000000000000000000e+00
4.241269841269841301e-01
0.000000000000000000e+00
-1.065897065897065676e+00
0.000000000000000000e+00
-3.767565767565768109e+00
0.000000000000000000e+00
0.000000000000000000e+00
0.000000000000000000e+00
0.000000000000000000e+00
0.000000000000000000e+00
1.090909090909090162e-01
0.000000000000000000e+00
-1.072261072261072368e+00
0.000000000000000000e+00
-3.790986790986790034e+00
0.000000000000000000e+00
0.000000000000000000e+00
0.000000000000000000e+00
1.301394901394901105e+00
0.000000000000000000e+00
5.034965034965117880e-02
0.000000000000000000e+00
-1.079276279276279116e+00
0.000000000000000000e+00
-3.808100106139321372e+00
0.000000000000000000e+00
0.000000000000000000e+00
0.000000000000000000e+00
1.184149184149184242e+00
0.000000000000000000e+00
2.921522921522884397e-02
0.000000000000000000e+00
-1.084814967167909039e+00
0.000000000000000000e+00
-3.821637186343068926e+00
0.000000000000000000e+00
3.963369963369963500e+00
0.000000000000000000e+00
1.146409146409146373e+00
0.000000000000000000e+00
1.946289005112566972e-02
0.000000000000000000e+00
-1.089159756652016586e+00
0.000000000000000000e+00
-3.832687436402606007e+00
0.000000000000000000e+00
3.921522921522921479e+00
0.000000000000000000e+00
1.130886542651248217e+00
0.000000000000000000e+00
1.423975405399535710e-02
0.000000000000000000e+00
-1.092641105025005999e+00
0.000000000000000000e+00
0.000000000000000000e+00
0.000000000000000000e+00
3.904850414654336799e+00
0.000000000000000000e+00
1.123661477841044309e+00
0.000000000000000000e+00
1.113492630520451776e-02
0.000000000000000000e+00
-1.095492354073589913e+00
0.000000000000000000e+00
0.000000000000000000e+00
0.000000000000000000e+00
3.898019008854923584e+00
0.000000000000000000e+00
1.120076208621100022e+00
0.000000000000000000e+00
9.137934349940923795e-03
0.000000000000000000e+00
0.000000000000000000e+00
0.000000000000000000e+00
0.000000000000000000e+00
0.000000000000000000e+00
3.895559548810322958e+00
0.000000000000000000e+00
1.118260271309134080e+00
0.000000000000000000e+00
7.771020203380052394e-03
0.000000000000000000e+00
-3.896103896103901842e-01
0.000000000000000000e+00
-1.554001554001553931e+00
0.000000000000000000e+00
-4.402331002331001386e+00
0.000000000000000000e+00
0.000000000000000000e+00
0.000000000000000000e+00
1.053391053391054655e+00
0.000000000000000000e+00
-3.902763902763904946e-01
0.000000000000000000e+00
-1.477078477078477281e+00
0.000000000000000000e+00
-4.338406691347866939e+00
0.000000000000000000e+00
0.000000000000000000e+00
0.000000000000000000e+00
5.727605727605726837e-01
0.000000000000000000e+00
-3.962703962703961746e-01
0.000000000000000000e+00
-1.449548273077684524e+00
0.000000000000000000e+00
-4.306661759293335834e+00
0.000000000000000000e+00
1.756021756021755698e+00
0.000000000000000000e+00
4.832944832944828240e-01
0.000000000000000000e+00
-3.990780461368692578e-01
0.000000000000000000e+00
-1.436874099412798422e+00
0.000000000000000000e+00
-4.289616378555303200e+00
0.000000000000000000e+00
1.576534576534576182e+00
0.000000000000000000e+00
4.502686855628035278e-01
0.000000000000000000e+00
-4.005282643053535985e-01
0.000000000000000000e+00
-1.430297256922643312e+00
0.000000000000000000e+00
4.572027972027971288e+00
0.000000000000000000e+00
1.510550451726921484e+00
0.000000000000000000e+00
4.347355430946762134e-01
0.000000000000000000e+00
-4.013942713633119608e-01
0.000000000000000000e+00
-1.426668185316725124e+00
0.000000000000000000e+00
4.453585630056219102e+00
0.000000000000000000e+00
1.479308445252717874e+00
0.000000000000000000e+00
4.263641415344201491e-01
0.000000000000000000e+00
-4.019866703942621688e-01
0.000000000000000000e+00
0.000000000000000000e+00
0.000000000000000000e+00
4.393227824806773540e+00
0.000000000000000000e+00
1.462339518067072408e+00
0.000000000000000000e+00
4.214253911386761642e-01
0.000000000000000000e+00
-4.024383208661037603e-01
0.000000000000000000e+00
0.000000000000000000e+00
0.000000000000000000e+00
4.358723741780314853e+00
0.000000000000000000e+00
1.452278147661105967e+00
0.000000000000000000e+00
4.183143280195370517e-01
0.000000000000000000e+00
0.000000000000000000e+00
0.000000000000000000e+00
-1.124875124875125199e+00
0.000000000000000000e+00
-2.008391608391608241e+00
0.000000000000000000e+00
-5.018803418803418737e+00
0.000000000000000000e+00
0.000000000000000000e+00
0.000000000000000000e+00
2.640216925931224701e-01
0.000000000000000000e+00
-8.111888111888112540e-01
0.000000000000000000e+00
-1.843685726038666983e+00
0.000000000000000000e+00
-4.866301500357228527e+00
0.000000000000000000e+00
1.672327672327672765e+00
0.000000000000000000e+00
7.690087690087687999e-02
0.000000000000000000e+00
-7.549156725627310660e-01
0.000000000000000000e+00
-1.777670008010565628e+00
0.000000000000000000e+00
-4.783909588863147988e+00
0.000000000000000000e+00
9.696969696969692798e-01
0.000000000000000000e+00
3.760944937415555689e-02
0.000000000000000000e+00
-7.326419710320635215e-01
0.000000000000000000e+00
-1.743791811903266709e+00
0.000000000000000000e+00
2.185814185814185961e+00
0.000000000000000000e+00
8.329552800141037938e-01
0.000000000000000000e+00
2.226875291890749453e-02
0.000000000000000000e+00
-7.211570679062940803e-01
0.000000000000000000e+00
-1.724037168915348861e+00
0.000000000000000000e+00
1.933525298231180578e+00
0.000000000000000000e+00
7.794063521617702328e-01
0.000000000000000000e+00
1.482006125968965415e-02
0.000000000000000000e+00
-7.143936962216675957e-01
0.000000000000000000e+00
5.168426344896932534e+00
0.000000000000000000e+00
1.833787265366212615e+00
0.000000000000000000e+00
7.527044678747465412e-01
0.000000000000000000e+00
1.071601556188983562e-02
0.000000000000000000e+00
-7.100821106474629607e-01
0.000000000000000000e+00
4.969183138842580227e+00
0.000000000000000000e+00
1.783281733746130637e+00
0.000000000000000000e+00
7.375047889248991240e-01
0.000000000000000000e+00
8.247571515844653867e-03
0.000000000000000000e+00
0.000000000000000000e+00
0.000000000000000000e+00
4.862023425490917816e+00
0.000000000000000000e+00
1.754070939156415321e+00
0.000000000000000000e+00
7.280739720637421364e-01
0.000000000000000000e+00
6.660510400679608978e-03
0.000000000000000000e+00
0.000000000000000000e+00
0.000000000000000000e+00
-1.812820512820512819e+00
0.000000000000000000e+00
-2.442433383609853514e+00
0.000000000000000000e+00
-5.623281733746129163e+00
0.000000000000000000e+00
0.000000000000000000e+00
0.000000000000000000e+00
-4.215229215229212567e-01
0.000000000000000000e+00
-1.190621143562319961e+00
0.000000000000000000e+00
-2.187854251012146367e+00
0.000000000000000000e+00
-5.381367858148044192e+00
0.000000000000000000e+00
8.620823620823618860e-01
0.000000000000000000e+00
-3.248472660237365917e-01
0.000000000000000000e+00
-1.068472580051527565e+00
0.000000000000000000e+00
-2.081162181471778894e+00
0.000000000000000000e+00
2.279487179487179827e+00
0.000000000000000000e+00
4.592226945168116359e-01
0.000000000000000000e+00
-3.082985126328776637e-01
0.000000000000000000e+00
-1.017919129374237563e+00
0.000000000000000000e+00
-2.024274240588684215e+00
0.000000000000000000e+00
1.331303990127519876e+00
0.000000000000000000e+00
3.758470631535649753e-01
0.000000000000000000e+00
-3.012982889143880350e-01
0.000000000000000000e+00
-9.910744794309206407e-01
0.000000000000000000e+00
2.600804424333836629e+00
0.000000000000000000e+00
1.139671350321505017e+00
0.000000000000000000e+00
3.418923697561468411e-01
0.000000000000000000e+00
-2.973064286834646852e-01
0.000000000000000000e+00
-9.748574053487234492e-01
0.000000000000000000e+00
2.269873779471303532e+00
0.000000000000000000e+00
1.061363816781773384e+00
0.000000000000000000e+00
3.244868132470773991e-01
0.000000000000000000e+00
-2.947078496950618631e-01
0.000000000000000000e+00
5.757027863777089749e+00
0.000000000000000000e+00
2.133174565372707221e+00
0.000000000000000000e+00
1.020708864429419105e+00
0.000000000000000000e+00
3.143647038114663061e-01
0.000000000000000000e+00
-2.928942133680322302e-01
0.000000000000000000e+00
5.474247115113987761e+00
0.000000000000000000e+00
2.061239563595196778e+00
0.000000000000000000e+00
9.966973879532765590e-01
0.000000000000000000e+00
3.079702666726490401e-01
0.000000000000000000e+00
0.000000000000000000e+00
0.000000000000000000e+00
0.000000000000000000e+00
0.000000000000000000e+00
-2.470387129210658728e+00
0.000000000000000000e+00
-2.863157894736843012e+00
0.000000000000000000e+00
-6.219425569270770282e+00
0.000000000000000000e+00
0.000000000000000000e+00
0.000000000000000000e+00
-1.046848576260340113e+00
0.000000000000000000e+00
-1.545034532031436036e+00
0.000000000000000000e+00
-2.517588087866725388e+00
0.000000000000000000e+00
0.000000000000000000e+00
0.000000000000000000e+00
1.853385539660048487e-01
0.000000000000000000e+00
-6.770789581935093837e-01
0.000000000000000000e+00
-1.355370326268159786e+00
0.000000000000000000e+00
-2.368854788292128699e+00
0.000000000000000000e+00
1.425659308012249049e+00
0.000000000000000000e+00
5.893659144433183172e-02
0.000000000000000000e+00
-6.028852468480949689e-01
0.000000000000000000e+00
-1.274754858817316538e+00
0.000000000000000000e+00
2.877425842131724476e+00
0.000000000000000000e+00
7.969343350148303529e-01
0.000000000000000000e+00
3.034461238795604920e-02
0.000000000000000000e+00
-5.713674309716842981e-01
0.000000000000000000e+00
-1.231084005508558121e+00
0.000000000000000000e+00
1.671731364610621329e+00
0.000000000000000000e+00
6.646604169823981945e-01
0.000000000000000000e+00
1.845581667899615086e-02
0.000000000000000000e+00
-5.541609285854809386e-01
0.000000000000000000e+00
3.006260749914000829e+00
0.000000000000000000e+00
1.420994416660050996e+00
0.000000000000000000e+00
6.091035839319590695e-01
0.000000000000000000e+00
1.240230880828509935e-02
0.000000000000000000e+00
-5.434790313508850446e-01
0.000000000000000000e+00
2.593070912575557330e+00
0.000000000000000000e+00
1.315454680375934382e+00
0.000000000000000000e+00
5.796742495625251124e-01
0.000000000000000000e+00
8.950708684185681996e-03
0.000000000000000000e+00
6.340316030718506468e+00
0.000000000000000000e+00
2.417330624087926871e+00
0.000000000000000000e+00
1.259148658583306712e+00
0.000000000000000000e+00
5.620169931921175088e-01
0.000000000000000000e+00
6.825766422747847617e-03
0.000000000000000000e+00
0.000000000000000000e+00
0.000000000000000000e+00
0.000000000000000000e+00
0.000000000000000000e+00
-3.107368421052631113e+00
0.000000000000000000e+00
-3.274657231313577999e+00
0.000000000000000000e+00
0.000000000000000000e+00
0.000000000000000000e+00
0.000000000000000000e+00
0.000000000000000000e+00
-1.634103357942367829e+00
0.000000000000000000e+00
-1.883060592658116095e+00
0.000000000000000000e+00
-2.837432455819856258e+00
0.000000000000000000e+00
0.000000000000000000e+00
0.000000000000000000e+00
-4.162809326896010909e-01
0.000000000000000000e+00
-9.994760657299358586e-01
0.000000000000000000e+00
-1.625029325231237110e+00
0.000000000000000000e+00
0.000000000000000000e+00
0.000000000000000000e+00
7.370845872393871900e-01
0.000000000000000000e+00
-2.837039121868840663e-01
0.000000000000000000e+00
-8.669973182020567215e-01
0.000000000000000000e+00
-1.513241928350287591e+00
0.000000000000000000e+00
1.966753989045010087e+00
0.000000000000000000e+00
3.891835718461109650e-01
0.000000000000000000e+00
-2.577632355529788089e-01
0.000000000000000000e+00
-8.097615670101871999e-01
0.000000000000000000e+00
3.468482972136222919e+00
0.000000000000000000e+00
1.107882829245058431e+00
0.000000000000000000e+00
3.133044099526803850e-01
0.000000000000000000e+00
-2.464934715304887280e-01
0.000000000000000000e+00
-7.782593739250086573e-01
0.000000000000000000e+00
1.998407784166298606e+00
0.000000000000000000e+00
9.240985603887742483e-01
0.000000000000000000e+00
2.807625003882913695e-01
0.000000000000000000e+00
-2.400861488760263340e-01
0.000000000000000000e+00
3.405218929677133133e+00
0.000000000000000000e+00
1.685948887564178822e+00
0.000000000000000000e+00
8.451886355668831730e-01
0.000000000000000000e+00
2.633032709651366710e-01
0.000000000000000000e+00
-2.359293643355637460e-01
0.000000000000000000e+00
2.907351498951983970e+00
0.000000000000000000e+00
1.551565871199738211e+00
0.000000000000000000e+00
8.024648150640882882e-01
0.000000000000000000e+00
2.527417630897470513e-01
0.000000000000000000e+00
0.000000000000000000e+00
0.000000000000000000e+00
0.000000000000000000e+00
0.000000000000000000e+00
0.000000000000000000e+00
0.000000000000000000e+00
-3.729778992936887860e+00
0.000000000000000000e+00
-3.679488576513748388e+00
0.000000000000000000e+00
0.000000000000000000e+00
0.000000000000000000e+00
0.000000000000000000e+00
0.000000000000000000e+00
-2.195729966627799179e+00
0.000000000000000000e+00
-2.209718670076726621e+00
0.000000000000000000e+00
0.000000000000000000e+00
0.000000000000000000e+00
0.000000000000000000e+00
0.000000000000000000e+00
-9.710537140877697482e-01
0.000000000000000000e+00
-1.302318028660739868e+00
0.000000000000000000e+00
-1.882829836740188334e+00
0.000000000000000000e+00
0.000000000000000000e+00
0.000000000000000000e+00
1.395373554112651071e-01
0.000000000000000000e+00
-5.916867715225506696e-01
0.000000000000000000e+00
-1.111320500740342165e+00
0.000000000000000000e+00
0.000000000000000000e+00
0.000000000000000000e+00
1.254238022039880107e+00
0.000000000000000000e+00
4.731625891943602724e-02
0.000000000000000000e+00
-5.117408906882591202e-01
0.000000000000000000e+00
-1.027623253725594044e+00
0.000000000000000000e+00
2.492461099272245573e+00
0.000000000000000000e+00
6.873617251864656552e-01
0.000000000000000000e+00
2.542660731380597117e-02
0.000000000000000000e+00
-4.767383078326680179e-01
0.000000000000000000e+00
4.054387305161298194e+00
0.000000000000000000e+00
1.401389236091080237e+00
0.000000000000000000e+00
5.631320086563049720e-01
0.000000000000000000e+00
1.588823126042121503e-02
0.000000000000000000e+00
-4.571834023362132404e-01
0.000000000000000000e+00
2.315635636405591669e+00
0.000000000000000000e+00
1.164486664230909740e+00
0.000000000000000000e+00
5.089005548825176195e-01
0.000000000000000000e+00
1.083774465145706523e-02
0.000000000000000000e+00
3.799551579871945250e+00
0.000000000000000000e+00
1.939696486041889267e+00
0.000000000000000000e+00
1.061075869221553614e+00
0.000000000000000000e+00
4.791830976757087690e-01
0.000000000000000000e+00
7.866104988961002131e-03
