3.047619047619047894e-01
0.000000000000000000e+00
-2.336507936507937200e-01
0.000000000000000000e+00
0.000000000000000000e+00
0.000000000000000000e+00
0.000000000000000000e+00
0.000000000000000000e+00
0.000000000000000000e+00
0.000000000000000000e+00
6.349206349206160116e-03
0.000000000000000000e+00
-2.597402597402600488e-01
0.000000000000000000e+00
0.000000000000000000e+00
0.000000000000000000e+00
0.000000000000000000e+00
0.000000000000000000e+00
-5.079365079365083524e-02
0.000000000000000000e+00
-8.003848003848013093e-02
0.000000000000000000e+00
-2.530802530802530592e-01
0.000000000000000000e+00
0.000000000000000000e+00
0.000000000000000000e+00
0.000000000000000000e+00
0.000000000000000000e+00
-1.731601731601730698e-01
0.000000000000000000e+00
-1.087801087801090194e-01
0.000000000000000000e+00
-2.382284382284383106e-01
0.000000000000000000e+00
0.000000000000000000e+00
0.000000000000000000e+00
0.000000000000000000e+00
0.000000000000000000e+00
-2.051282051282052876e-01
0.000000000000000000e+00
-1.172161172161172438e-01
0.000000000000000000e+00
-2.220211161387632970e-01
0.000000000000000000e+00
0.000000000000000000e+00
0.000000000000000000e+00
0.000000000000000000e+00
0.000000000000000000e+00
-2.088578088578090242e-01
0.000000000000000000e+00
-1.175465057818000369e-01
0.000000000000000000e+00
-2.065634674922598446e-01
0.000000000000000000e+00
0.000000000000000000e+00
0.000000000000000000e+00
0.000000000000000000e+00
0.000000000000000000e+00
-2.027149321266965565e-01
0.000000000000000000e+00
-1.144822841417271198e-01
0.000000000000000000e+00
-1.924597590232259847e-01
0.000000000000000000e+00
0.000000000000000000e+00
0.000000000000000000e+00
0.000000000000000000e+00
0.000000000000000000e+00
-1.931888544891642301e-01
0.000000000000000000e+00
-1.100398053958424605e-01
0.000000000000000000e+00
0.000000000000000000e+00
0.000000000000000000e+00
0.000000000000000000e+00
0.000000000000000000e+00
0.000000000000000000e+00
0.000000000000000000e+00
-1.828099660917006375e-01
0.000000000000000000e+00
-1.051376795083887039e-01
0.000000000000000000e+00
1.714285714285714579e-01
0.000000000000000000e+00
-2.308802308802312686e-01
0.000000000000000000e+00
0.000000000000000000e+00
0.000000000000000000e+00
0.000000000000000000e+00
0.000000000000000000e+00
2.476190476190479051e-01
0.000000000000000000e+00
-5.194805194804669179e-03
0.000000000000000000e+00
-2.354788069073783241e-01
0.000000000000000000e+00
0.000000000000000000e+00
0.000000000000000000e+00
0.000000000000000000e+00
0.000000000000000000e+00
2.597402597402598268e-02
0.000000000000000000e+00
-5.994005994005985327e-02
0.000000000000000000e+00
-2.229992229992228403e-01
0.000000000000000000e+00
0.000000000000000000e+00
0.000000000000000000e+00
-5.772005772005783797e-02
0.000000000000000000e+00
-4.395604395604391090e-02
0.000000000000000000e+00
-7.925407925407945697e-02
0.000000000000000000e+00
-2.073220896750301856e-01
0.000000000000000000e+00
0.000000000000000000e+00
0.000000000000000000e+00
-1.498501498501498830e-01
0.000000000000000000e+00
-6.993006993007011562e-02
0.000000000000000000e+00
-8.539695598519142505e-02
0.000000000000000000e+00
-1.920457251726601644e-01
0.000000000000000000e+00
0.000000000000000000e+00
0.000000000000000000e+00
-1.740481740481740758e-01
0.000000000000000000e+00
-7.947346770876195787e-02
0.000000000000000000e+00
-8.602048106692050666e-02
0.000000000000000000e+00
-1.781190945277635329e-01
0.000000000000000000e+00
0.000000000000000000e+00
0.000000000000000000e+00
-1.766077060194701787e-01
0.000000000000000000e+00
-8.201952845915683188e-02
0.000000000000000000e+00
-8.421052631578918035e-02
0.000000000000000000e+00
0.000000000000000000e+00
0.000000000000000000e+00
0.000000000000000000e+00
0.000000000000000000e+00
-1.714693974755892025e-01
0.000000000000000000e+00
-8.137992038920827120e-02
0.000000000000000000e+00
-8.134146106955353339e-02
0.000000000000000000e+00
0.000000000000000000e+00
0.000000000000000000e+00
0.000000000000000000e+00
0.000000000000000000e+00
-1.636444051304732916e-01
0.000000000000000000e+00
-7.926465780820346474e-02
0.000000000000000000e+00
9.041269841269841123e-01
0.000000000000000000e+00
1.108225108225108224e-01
0.000000000000000000e+00
-2.157842157842156938e-01
0.000000000000000000e+00
0.000000000000000000e+00
0.000000000000000000e+00
0.000000000000000000e+00
0.000000000000000000e+00
1.714285714285709028e-01
0.000000000000000000e+00
-1.198801198801194290e-02
0.000000000000000000e+00
-2.121212121212119328e-01
0.000000000000000000e+00
0.000000000000000000e+00
0.000000000000000000e+00
2.031746031746032299e-01
0.000000000000000000e+00
2.877122877122878508e-02
0.000000000000000000e+00
-5.114885114885092676e-02
0.000000000000000000e+00
-1.982784100431152496e-01
0.000000000000000000e+00
0.000000000000000000e+00
0.000000000000000000e+00
2.797202797202791302e-02
0.000000000000000000e+00
-2.113442113442143278e-02
0.000000000000000000e+00
-6.526806526806544495e-02
0.000000000000000000e+00
-1.833163740284480536e-01
0.000000000000000000e+00
-5.594405594405582605e-02
0.000000000000000000e+00
-2.983682983682983680e-02
0.000000000000000000e+00
-4.174648880531234285e-02
0.000000000000000000e+00
-6.983480915369449926e-02
0.000000000000000000e+00
-1.693909805364914312e-01
0.000000000000000000e+00
-1.305361305361305568e-01
0.000000000000000000e+00
-5.247040541158193294e-02
0.000000000000000000e+00
-5.057567819177732904e-02
0.000000000000000000e+00
-7.030245296499165741e-02
0.000000000000000000e+00
0.000000000000000000e+00
0.000000000000000000e+00
-1.505004799122444670e-01
0.000000000000000000e+00
-6.152114139730247011e-02
0.000000000000000000e+00
-5.402344473551923265e-02
0.000000000000000000e+00
-6.891910082110647151e-02
0.000000000000000000e+00
0.000000000000000000e+00
0.000000000000000000e+00
-1.527636450237073173e-01
0.000000000000000000e+00
-6.458680638247193961e-02
0.000000000000000000e+00
-5.482760609964854037e-02
0.000000000000000000e+00
0.000000000000000000e+00
0.000000000000000000e+00
0.000000000000000000e+00
0.000000000000000000e+00
-1.486068111455109975e-01
0.000000000000000000e+00
-6.481677339127867032e-02
0.000000000000000000e+00
-5.428386124576722871e-02
0.000000000000000000e+00
6.349206349206352185e-01
0.000000000000000000e+00
7.770007770007769654e-02
0.000000000000000000e+00
-1.990675990675989659e-01
0.000000000000000000e+00
0.000000000000000000e+00
0.000000000000000000e+00
7.215007215007216423e-01
0.000000000000000000e+00
1.292041292041292144e-01
0.000000000000000000e+00
-1.554001554001549490e-02
0.000000000000000000e+00
-1.919648978472505707e-01
0.000000000000000000e+00
0.000000000000000000e+00
0.000000000000000000e+00
1.531801531801531002e-01
0.000000000000000000e+00
2.486402486402486400e-02
0.000000000000000000e+00
-4.564498682145753938e-02
0.000000000000000000e+00
-1.782242525276574452e-01
0.000000000000000000e+00
1.709401709401711655e-01
0.000000000000000000e+00
3.605283605283633730e-02
0.000000000000000000e+00
-1.358119005177821359e-02
0.000000000000000000e+00
-5.657912778655833225e-02
0.000000000000000000e+00
-1.643366484345933354e-01
0.000000000000000000e+00
2.641802641802665219e-02
0.000000000000000000e+00
-7.312948489419074383e-03
0.000000000000000000e+00
-3.031024702851334296e-02
0.000000000000000000e+00
-6.010088982225186838e-02
0.000000000000000000e+00
-5.221445221445208951e-02
0.000000000000000000e+00
-2.260919907978725663e-02
0.000000000000000000e+00
-2.641321526770437633e-02
0.000000000000000000e+00
-3.795997604047154916e-02
0.000000000000000000e+00
-6.040085458580549127e-02
0.000000000000000000e+00
-1.151789387083508309e-01
0.000000000000000000e+00
-4.243434583991856357e-02
0.000000000000000000e+00
-3.536195486659904352e-02
0.000000000000000000e+00
-4.130728158188146093e-02
0.000000000000000000e+00
0.000000000000000000e+00
0.000000000000000000e+00
-1.323951590205456608e-01
0.000000000000000000e+00
-5.074801359631075925e-02
0.000000000000000000e+00
-3.948490151209227417e-02
0.000000000000000000e+00
-4.245908889871741199e-02
0.000000000000000000e+00
0.000000000000000000e+00
0.000000000000000000e+00
-1.345774968065989174e-01
0.000000000000000000e+00
-5.387756229053863866e-02
0.000000000000000000e+00
-4.112993481145316155e-02
0.000000000000000000e+00
0.000000000000000000e+00
0.000000000000000000e+00
4.875124875124874357e-01
0.000000000000000000e+00
5.754245754245757016e-02
0.000000000000000000e+00
-1.834087481146309262e-01
0.000000000000000000e+00
0.000000000000000000e+00
0.000000000000000000e+00
5.209076637648066832e-01
0.000000000000000000e+00
1.025641025641025328e-01
0.000000000000000000e+00
-1.727684080625258023e-02
0.000000000000000000e+00
-1.748987854251013996e-01
0.000000000000000000e+00
5.994005994005994209e-01
0.000000000000000000e+00
1.221889221889219668e-01
0.000000000000000000e+00
2.068519715578537310e-02
0.000000000000000000e+00
-4.156833878196092291e-02
0.000000000000000000e+00
-1.617701184264651593e-01
0.000000000000000000e+00
1.351981351981353940e-01
0.000000000000000000e+00
3.447532859297558483e-02
0.000000000000000000e+00
-1.039208469549038338e-02
0.000000000000000000e+00
-5.040161077312768634e-02
0.000000000000000000e+00
1.470529470529471916e-01
0.000000000000000000e+00
3.648116589293060041e-02
0.000000000000000000e+00
0.000000000000000000e+00
0.000000000000000000e+00
-2.433067448547324846e-02
0.000000000000000000e+00
-5.321263740970291756e-02
0.000000000000000000e+00
2.418757712875377330e-02
0.000000000000000000e+00
-1.299010586936349965e-03
0.000000000000000000e+00
-1.610876223879328939e-02
0.000000000000000000e+00
-3.093904345755192631e-02
0.000000000000000000e+00
-4.826546003016618513e-02
0.000000000000000000e+00
-1.829006906406283051e-02
0.000000000000000000e+00
-1.855729409908976613e-02
0.000000000000000000e+00
-2.419321304770225001e-02
0.000000000000000000e+00
-3.399567184733404135e-02
0.000000000000000000e+00
-1.028816384853536992e-01
0.000000000000000000e+00
-3.585269219944153818e-02
0.000000000000000000e+00
-2.702506808039162323e-02
0.000000000000000000e+00
-2.830416588392087318e-02
0.000000000000000000e+00
0.000000000000000000e+00
0.000000000000000000e+00
-1.181233627054061319e-01
0.000000000000000000e+00
-4.345311439132948372e-02
0.000000000000000000e+00
-3.121240046802037371e-02
0.000000000000000000e+00
-3.028973880655499995e-02
0.000000000000000000e+00
0.000000000000000000e+00
0.000000000000000000e+00
3.948717948717948012e-01
0.000000000000000000e+00
4.434389140271488561e-02
0.000000000000000000e+00
-1.694117647058819287e-01
0.000000000000000000e+00
0.000000000000000000e+00
0.000000000000000000e+00
4.079254079254077681e-01
0.000000000000000000e+00
8.440970793911972692e-02
0.000000000000000000e+00
-1.800428673493681409e-02
0.000000000000000000e+00
-1.604278074866313242e-01
0.000000000000000000e+00
4.405594405594404073e-01
0.000000000000000000e+00
1.011015128662188789e-01
0.000000000000000000e+00
1.718591006516700936e-02
0.000000000000000000e+00
-3.829483210288175954e-02
0.000000000000000000e+00
5.123543123543123912e-01
0.000000000000000000e+00
1.113396407514056219e-01
0.000000000000000000e+00
3.117625408647090035e-02
0.000000000000000000e+00
-8.804405089234718096e-03
0.000000000000000000e+00
-4.566304606686877321e-02
0.000000000000000000e+00
1.199506375976966133e-01
0.000000000000000000e+00
3.637229643421599490e-02
0.000000000000000000e+00
2.706272056117259295e-03
0.000000000000000000e+00
-2.068815556498967978e-02
0.000000000000000000e+00
1.288084464555053210e-01
0.000000000000000000e+00
3.486284613219607642e-02
0.000000000000000000e+00
5.799154405965647324e-03
0.000000000000000000e+00
-1.107349000739753925e-02
0.000000000000000000e+00
-2.645135723073548106e-02
0.000000000000000000e+00
2.200523934270048887e-02
0.000000000000000000e+00
1.587679606255693043e-03
0.000000000000000000e+00
-9.060128187870816752e-03
0.000000000000000000e+00
-1.826521842674760920e-02
0.000000000000000000e+00
-4.458204334365301058e-02
0.000000000000000000e+00
-1.543224577280311038e-02
0.000000000000000000e+00
-1.397848348985800127e-02
0.000000000000000000e+00
-1.687358273709047007e-02
0.000000000000000000e+00
-2.211154484677169130e-02
0.000000000000000000e+00
-9.287925696594445668e-02
0.000000000000000000e+00
-3.116684096627542200e-02
0.000000000000000000e+00
-2.183998260455388696e-02
0.000000000000000000e+00
-2.110647462646389472e-02
0.000000000000000000e+00
0.000000000000000000e+00
0.000000000000000000e+00
0.000000000000000000e+00
0.000000000000000000e+00
3.314228255404729762e-01
0.000000000000000000e+00
3.522531819745444714e-02
0.000000000000000000e+00
-1.570771849409604570e-01
0.000000000000000000e+00
0.000000000000000000e+00
0.000000000000000000e+00
3.352986882398645285e-01
0.000000000000000000e+00
7.135032150512010674e-02
0.000000000000000000e+00
-1.816305469556223073e-02
0.000000000000000000e+00
0.000000000000000000e+00
0.000000000000000000e+00
3.495751887908744582e-01
0.000000000000000000e+00
8.590790014938609609e-02
0.000000000000000000e+00
1.439496176338284084e-02
0.000000000000000000e+00
-3.555350439184068456e-02
0.000000000000000000e+00
3.813702637232043724e-01
0.000000000000000000e+00
9.429854631093043116e-02
0.000000000000000000e+00
2.785656036430017579e-02
0.000000000000000000e+00
-7.896980302418699083e-03
0.000000000000000000e+00
4.472599296128709767e-01
0.000000000000000000e+00
1.008725021108921038e-01
0.000000000000000000e+00
3.395297512944572826e-02
0.000000000000000000e+00
3.681575898563382854e-03
0.000000000000000000e+00
-1.822380069788845369e-02
0.000000000000000000e+00
1.073588949749937904e-01
0.000000000000000000e+00
3.565062388591813680e-02
0.000000000000000000e+00
8.389007581361740407e-03
0.000000000000000000e+00
-8.291829317539536892e-03
0.000000000000000000e+00
1.144822841417270920e-01
0.000000000000000000e+00
3.268503082744584481e-02
0.000000000000000000e+00
8.415030625287776844e-03
0.000000000000000000e+00
-4.509930475740140526e-03
0.000000000000000000e+00
-1.470042100005761188e-02
0.000000000000000000e+00
2.005012531328312364e-02
0.000000000000000000e+00
3.037300116314839427e-03
0.000000000000000000e+00
-5.160649015811355489e-03
0.000000000000000000e+00
-1.156947498043192635e-02
0.000000000000000000e+00
-4.127966976264085819e-02
0.000000000000000000e+00
-1.340093627077071359e-02
0.000000000000000000e+00
-1.106681715108145947e-02
0.000000000000000000e+00
-1.250754051938599010e-02
0.000000000000000000e+00
-1.558133068229416995e-02
0.000000000000000000e+00
0.000000000000000000e+00
0.000000000000000000e+00
0.000000000000000000e+00
0.000000000000000000e+00
2.853250773993805112e-01
0.000000000000000000e+00
2.865988500663418925e-02
0.000000000000000000e+00
0.000000000000000000e+00
0.000000000000000000e+00
0.000000000000000000e+00
0.000000000000000000e+00
2.846391998094786047e-01
0.000000000000000000e+00
6.156567890314001978e-02
0.000000000000000000e+00
-1.799896159836911202e-02
0.000000000000000000e+00
0.000000000000000000e+00
0.000000000000000000e+00
2.902509255450425041e-01
0.000000000000000000e+00
7.449392712550617635e-02
0.000000000000000000e+00
1.218391246658845350e-02
0.000000000000000000e+00
0.000000000000000000e+00
0.000000000000000000e+00
3.055272900474135245e-01
0.000000000000000000e+00
8.157786485959850342e-02
0.000000000000000000e+00
2.490586095378155562e-02
0.000000000000000000e+00
-7.310347479953127614e-03
0.000000000000000000e+00
3.360800190521553432e-01
0.000000000000000000e+00
8.677390720734357021e-02
0.000000000000000000e+00
3.112542323741684935e-02
0.000000000000000000e+00
3.936340950743966172e-03
0.000000000000000000e+00
3.967801857585138148e-01
0.000000000000000000e+00
9.164086687306505219e-02
0.000000000000000000e+00
3.392111993538826642e-02
0.000000000000000000e+00
9.219586443977523249e-03
0.000000000000000000e+00
-6.616712283693038099e-03
0.000000000000000000e+00
9.694825298540443725e-02
0.000000000000000000e+00
3.401776130272596288e-02
0.000000000000000000e+00
1.095913105604856552e-02
0.000000000000000000e+00
-2.110647462646386696e-03
0.000000000000000000e+00
1.029632905793896186e-01
0.000000000000000000e+00
3.045978116647156397e-02
0.000000000000000000e+00
9.559685166092471431e-03
0.000000000000000000e+00
-9.380655389540637490e-04
0.000000000000000000e+00
-8.475672099216478850e-03
0.000000000000000000e+00
1.834509547526116946e-02
0.000000000000000000e+00
3.765936580581871751e-03
0.000000000000000000e+00
-2.847698957538752351e-03
0.000000000000000000e+00
-7.641999433719667834e-03
0.000000000000000000e+00
0.000000000000000000e+00
0.000000000000000000e+00
0.000000000000000000e+00
0.000000000000000000e+00
0.000000000000000000e+00
0.000000000000000000e+00
2.503585166123851735e-01
0.000000000000000000e+00
2.377485215013819264e-02
0.000000000000000000e+00
0.000000000000000000e+00
0.000000000000000000e+00
0.000000000000000000e+00
0.000000000000000000e+00
2.472759438703713286e-01
0.000000000000000000e+00
5.399688479510778016e-02
0.000000000000000000e+00
0.000000000000000000e+00
0.000000000000000000e+00
0.000000000000000000e+00
0.000000000000000000e+00
2.483708242222173457e-01
0.000000000000000000e+00
6.563723887724426387e-02
0.000000000000000000e+00
1.042177636604879609e-02
0.000000000000000000e+00
0.000000000000000000e+00
0.000000000000000000e+00
2.555980467604443973e-01
0.000000000000000000e+00
7.175621524793673878e-02
0.000000000000000000e+00
2.237409380228072564e-02
0.000000000000000000e+00
0.000000000000000000e+00
0.000000000000000000e+00
2.712334105522959948e-01
0.000000000000000000e+00
7.598485778590768902e-02
0.000000000000000000e+00
2.842912908870615096e-02
0.000000000000000000e+00
3.878564115473548402e-03
0.000000000000000000e+00
3.003498049937680658e-01
0.000000000000000000e+00
7.972912805326326513e-02
0.000000000000000000e+00
3.157510681538155950e-02
0.000000000000000000e+00
9.296899537847180817e-03
0.000000000000000000e+00
3.565062388591795361e-01
0.000000000000000000e+00
8.368747956848648917e-02
0.000000000000000000e+00
3.280284125619947755e-02
0.000000000000000000e+00
1.177658035916218093e-02
0.000000000000000000e+00
-7.719191347191622921e-04
0.000000000000000000e+00
8.826413860738796524e-02
0.000000000000000000e+00
3.212122377555143293e-02
0.000000000000000000e+00
1.206084264369366998e-02
0.000000000000000000e+00
1.250508998245164483e-03
0.000000000000000000e+00
9.351441845721002177e-02
0.000000000000000000e+00
2.836535654411538598e-02
0.000000000000000000e+00
9.973450582646033874e-03
0.000000000000000000e+00
1.114994305705486327e-03
0.000000000000000000e+00
-4.840679993206597337e-03
