1.523809523809523669e-01
0.000000000000000000e+00
1.676190476190476120e-01
0.000000000000000000e+00
0.000000000000000000e+00
0.000000000000000000e+00
0.000000000000000000e+00
0.000000000000000000e+00
0.000000000000000000e+00
0.000000000000000000e+00
6.349206349206351629e-02
0.000000000000000000e+00
1.154401154401154261e-01
0.000000000000000000e+00
0.000000000000000000e+00
0.000000000000000000e+00
0.000000000000000000e+00
0.000000000000000000e+00
-2.539682539682540374e-02
0.000000000000000000e+00
3.078403078403077822e-02
0.000000000000000000e+00
8.658008658008659042e-02
0.000000000000000000e+00
0.000000000000000000e+00
0.000000000000000000e+00
0.000000000000000000e+00
0.000000000000000000e+00
-5.772005772005772695e-02
0.000000000000000000e+00
1.554001554001554347e-02
0.000000000000000000e+00
6.853146853146850626e-02
0.000000000000000000e+00
0.000000000000000000e+00
0.000000000000000000e+00
0.000000000000000000e+00
0.000000000000000000e+00
-6.526806526806525066e-02
0.000000000000000000e+00
7.459207459207480018e-03
0.000000000000000000e+00
5.630970336852690605e-02
0.000000000000000000e+00
0.000000000000000000e+00
0.000000000000000000e+00
0.000000000000000000e+00
0.000000000000000000e+00
-6.526806526806527842e-02
0.000000000000000000e+00
2.815485168426327955e-03
0.000000000000000000e+00
4.755417956656346479e-02
0.000000000000000000e+00
0.000000000000000000e+00
0.000000000000000000e+00
0.000000000000000000e+00
0.000000000000000000e+00
-6.274509803921568540e-02
0.000000000000000000e+00
0.000000000000000000e+00
0.000000000000000000e+00
4.101161995898838786e-02
0.000000000000000000e+00
0.000000000000000000e+00
0.000000000000000000e+00
0.000000000000000000e+00
0.000000000000000000e+00
-5.944272445820433098e-02
0.000000000000000000e+00
-1.769128704113213935e-03
0.000000000000000000e+00
0.000000000000000000e+00
0.000000000000000000e+00
0.000000000000000000e+00
0.000000000000000000e+00
0.000000000000000000e+00
0.000000000000000000e+00
-5.602240896358541555e-02
0.000000000000000000e+00
-2.905815262794660125e-03
0.000000000000000000e+00
8.571428571428572896e-02
0.000000000000000000e+00
1.010101010101009944e-01
0.000000000000000000e+00
0.000000000000000000e+00
0.000000000000000000e+00
0.000000000000000000e+00
0.000000000000000000e+00
6.349206349206351629e-02
0.000000000000000000e+00
4.155844155844155841e-02
0.000000000000000000e+00
7.135721421435708978e-02
0.000000000000000000e+00
0.000000000000000000e+00
0.000000000000000000e+00
0.000000000000000000e+00
0.000000000000000000e+00
1.298701298701299134e-02
0.000000000000000000e+00
2.331002331002331174e-02
0.000000000000000000e+00
5.439005439005438480e-02
0.000000000000000000e+00
0.000000000000000000e+00
0.000000000000000000e+00
-5.772005772005772695e-02
0.000000000000000000e+00
-3.996003996003999470e-03
0.000000000000000000e+00
1.398601398601397733e-02
0.000000000000000000e+00
4.351204351204353282e-02
0.000000000000000000e+00
0.000000000000000000e+00
0.000000000000000000e+00
-7.492507492507491373e-02
0.000000000000000000e+00
-1.087801087801088147e-02
0.000000000000000000e+00
8.638420403126286645e-03
0.000000000000000000e+00
3.600857346987378083e-02
0.000000000000000000e+00
0.000000000000000000e+00
0.000000000000000000e+00
-7.614607614607615815e-02
0.000000000000000000e+00
-1.382147264500205655e-02
0.000000000000000000e+00
5.334603477018327877e-03
0.000000000000000000e+00
3.055767761650115405e-02
0.000000000000000000e+00
0.000000000000000000e+00
0.000000000000000000e+00
-7.294666118195528015e-02
0.000000000000000000e+00
-1.500357227911407881e-02
0.000000000000000000e+00
3.184431667403807287e-03
0.000000000000000000e+00
0.000000000000000000e+00
0.000000000000000000e+00
0.000000000000000000e+00
0.000000000000000000e+00
-6.858775899023576705e-02
0.000000000000000000e+00
-1.533244876898127995e-02
0.000000000000000000e+00
1.730669384458594084e-03
0.000000000000000000e+00
0.000000000000000000e+00
0.000000000000000000e+00
0.000000000000000000e+00
0.000000000000000000e+00
-6.413091552410438156e-02
0.000000000000000000e+00
-1.522989058323558076e-02
0.000000000000000000e+00
1.676190476190476120e-01
0.000000000000000000e+00
5.541125541125541121e-02
0.000000000000000000e+00
6.793206793206793548e-02
0.000000000000000000e+00
0.000000000000000000e+00
0.000000000000000000e+00
0.000000000000000000e+00
0.000000000000000000e+00
4.155844155844155841e-02
0.000000000000000000e+00
2.930402930402931094e-02
0.000000000000000000e+00
4.895104895104894493e-02
0.000000000000000000e+00
0.000000000000000000e+00
0.000000000000000000e+00
3.078403078403077822e-02
0.000000000000000000e+00
1.438561438561439254e-02
0.000000000000000000e+00
1.776001776001776000e-02
0.000000000000000000e+00
3.782419468693978826e-02
0.000000000000000000e+00
0.000000000000000000e+00
0.000000000000000000e+00
-3.996003996003999470e-03
0.000000000000000000e+00
3.729603729603728733e-03
0.000000000000000000e+00
1.151789387083504770e-02
0.000000000000000000e+00
3.055272900474138506e-02
0.000000000000000000e+00
-6.526806526806525066e-02
0.000000000000000000e+00
-1.491841491841491840e-02
0.000000000000000000e+00
-1.316330728095433875e-03
0.000000000000000000e+00
7.759423239299394204e-03
0.000000000000000000e+00
2.546060750395115480e-02
0.000000000000000000e+00
-7.614607614607615815e-02
0.000000000000000000e+00
-1.876990112284230086e-02
0.000000000000000000e+00
-3.928208014895316624e-03
0.000000000000000000e+00
5.334603477018345224e-03
0.000000000000000000e+00
0.000000000000000000e+00
0.000000000000000000e+00
-7.525023995612230288e-02
0.000000000000000000e+00
-1.995280261534131822e-02
0.000000000000000000e+00
-5.334603477018338286e-03
0.000000000000000000e+00
3.692094686844990536e-03
0.000000000000000000e+00
0.000000000000000000e+00
0.000000000000000000e+00
-7.128970101106324453e-02
0.000000000000000000e+00
-2.000476303881876597e-02
0.000000000000000000e+00
-6.091956233294233691e-03
0.000000000000000000e+00
0.000000000000000000e+00
0.000000000000000000e+00
0.000000000000000000e+00
0.000000000000000000e+00
-6.668254346272922684e-02
0.000000000000000000e+00
-1.955442741551234945e-02
0.000000000000000000e+00
-6.479626175412957212e-03
0.000000000000000000e+00
1.010101010101009944e-01
0.000000000000000000e+00
3.885003885003884827e-02
0.000000000000000000e+00
4.895104895104895187e-02
0.000000000000000000e+00
0.000000000000000000e+00
0.000000000000000000e+00
1.154401154401154261e-01
0.000000000000000000e+00
2.930402930402931094e-02
0.000000000000000000e+00
2.175602175602175253e-02
0.000000000000000000e+00
3.583344759815348946e-02
0.000000000000000000e+00
0.000000000000000000e+00
0.000000000000000000e+00
2.331002331002331174e-02
0.000000000000000000e+00
1.243201243201243374e-02
0.000000000000000000e+00
1.386413151119033141e-02
0.000000000000000000e+00
2.800666825434627166e-02
0.000000000000000000e+00
1.554001554001554347e-02
0.000000000000000000e+00
3.729603729603728733e-03
0.000000000000000000e+00
5.223534635299342810e-03
0.000000000000000000e+00
9.429854631093022993e-03
0.000000000000000000e+00
2.281534958146273426e-02
0.000000000000000000e+00
-1.087801087801088147e-02
0.000000000000000000e+00
-3.656474244709538926e-03
0.000000000000000000e+00
1.515512351425665587e-03
0.000000000000000000e+00
6.668254346272923724e-03
0.000000000000000000e+00
-6.526806526806527842e-02
0.000000000000000000e+00
-1.876990112284230086e-02
0.000000000000000000e+00
-6.928056463660177237e-03
0.000000000000000000e+00
-5.773380386383496210e-04
0.000000000000000000e+00
4.832068366864438261e-03
0.000000000000000000e+00
-7.294666118195528015e-02
0.000000000000000000e+00
-2.121717291995929566e-02
0.000000000000000000e+00
-8.443568815085844559e-03
0.000000000000000000e+00
-1.822380069788872778e-03
0.000000000000000000e+00
0.000000000000000000e+00
0.000000000000000000e+00
-7.128970101106324453e-02
0.000000000000000000e+00
-2.165017644893805701e-02
0.000000000000000000e+00
-9.111900348944365624e-03
0.000000000000000000e+00
-2.584466280791494763e-03
0.000000000000000000e+00
0.000000000000000000e+00
0.000000000000000000e+00
-6.728874840329948648e-02
0.000000000000000000e+00
-2.126110081420352210e-02
0.000000000000000000e+00
-9.340999557717822449e-03
0.000000000000000000e+00
0.000000000000000000e+00
0.000000000000000000e+00
6.793206793206793548e-02
0.000000000000000000e+00
2.877122877122877467e-02
0.000000000000000000e+00
3.700351935646054025e-02
0.000000000000000000e+00
0.000000000000000000e+00
0.000000000000000000e+00
7.135721421435708978e-02
0.000000000000000000e+00
2.175602175602175253e-02
0.000000000000000000e+00
1.678321678321678320e-02
0.000000000000000000e+00
2.743510359609431168e-02
0.000000000000000000e+00
8.658008658008659042e-02
0.000000000000000000e+00
1.776001776001776000e-02
0.000000000000000000e+00
1.034259857789269696e-02
0.000000000000000000e+00
1.108489034185628462e-02
0.000000000000000000e+00
2.165017644893806048e-02
0.000000000000000000e+00
1.398601398601397733e-02
0.000000000000000000e+00
5.223534635299342810e-03
0.000000000000000000e+00
5.196042347745134446e-03
0.000000000000000000e+00
7.794063521617703404e-03
0.000000000000000000e+00
7.459207459207480018e-03
0.000000000000000000e+00
-1.316330728095433875e-03
0.000000000000000000e+00
0.000000000000000000e+00
0.000000000000000000e+00
2.405575160993118217e-03
0.000000000000000000e+00
5.693055094051192866e-03
0.000000000000000000e+00
-1.382147264500205655e-02
0.000000000000000000e+00
-6.928056463660177237e-03
0.000000000000000000e+00
-2.577401958206911384e-03
0.000000000000000000e+00
7.455191194590832932e-04
0.000000000000000000e+00
-6.274509803921568540e-02
0.000000000000000000e+00
-1.995280261534131822e-02
0.000000000000000000e+00
-9.278647049544883063e-03
0.000000000000000000e+00
-3.944545605603620025e-03
0.000000000000000000e+00
-2.982076477836340112e-04
0.000000000000000000e+00
-6.858775899023576705e-02
0.000000000000000000e+00
-2.165017644893805701e-02
0.000000000000000000e+00
-1.025088789256241306e-02
0.000000000000000000e+00
-4.686120179457103907e-03
0.000000000000000000e+00
0.000000000000000000e+00
0.000000000000000000e+00
-6.668254346272922684e-02
0.000000000000000000e+00
-2.172655719566474533e-02
0.000000000000000000e+00
-1.056980440477546350e-02
0.000000000000000000e+00
-5.079072055977235448e-03
0.000000000000000000e+00
0.000000000000000000e+00
0.000000000000000000e+00
4.895104895104895187e-02
0.000000000000000000e+00
2.217194570135746709e-02
0.000000000000000000e+00
2.897832817337461439e-02
0.000000000000000000e+00
0.000000000000000000e+00
0.000000000000000000e+00
4.895104895104894493e-02
0.000000000000000000e+00
1.678321678321678320e-02
0.000000000000000000e+00
1.333650869254584398e-02
0.000000000000000000e+00
2.171203409593502887e-02
0.000000000000000000e+00
5.439005439005438480e-02
0.000000000000000000e+00
1.386413151119033141e-02
0.000000000000000000e+00
8.592955032583516825e-03
0.000000000000000000e+00
9.049773755656109406e-03
0.000000000000000000e+00
6.853146853146850626e-02
0.000000000000000000e+00
1.151789387083504770e-02
0.000000000000000000e+00
5.196042347745134446e-03
0.000000000000000000e+00
4.763038818766371363e-03
0.000000000000000000e+00
6.523292295266987922e-03
0.000000000000000000e+00
8.638420403126286645e-03
0.000000000000000000e+00
1.515512351425665587e-03
0.000000000000000000e+00
1.353136028058629647e-03
0.000000000000000000e+00
2.609316918106794995e-03
0.000000000000000000e+00
2.815485168426327955e-03
0.000000000000000000e+00
-3.928208014895316624e-03
0.000000000000000000e+00
-2.577401958206911384e-03
0.000000000000000000e+00
-6.711206065089488429e-04
0.000000000000000000e+00
1.280937396161517874e-03
0.000000000000000000e+00
-1.500357227911407881e-02
0.000000000000000000e+00
-8.443568815085844559e-03
0.000000000000000000e+00
-4.530064093935408376e-03
0.000000000000000000e+00
-1.826521842674756584e-03
0.000000000000000000e+00
-5.944272445820433098e-02
0.000000000000000000e+00
-2.000476303881876597e-02
0.000000000000000000e+00
-1.025088789256241306e-02
0.000000000000000000e+00
-5.508557938225458125e-03
0.000000000000000000e+00
-2.512675550769506196e-03
0.000000000000000000e+00
-6.413091552410438156e-02
0.000000000000000000e+00
-2.126110081420352210e-02
0.000000000000000000e+00
-1.091999130227694001e-02
0.000000000000000000e+00
-5.988543396000658298e-03
0.000000000000000000e+00
0.000000000000000000e+00
0.000000000000000000e+00
0.000000000000000000e+00
0.000000000000000000e+00
3.700351935646054025e-02
0.000000000000000000e+00
1.761265909872720969e-02
0.000000000000000000e+00
2.332033291785613749e-02
0.000000000000000000e+00
0.000000000000000000e+00
0.000000000000000000e+00
3.583344759815348946e-02
0.000000000000000000e+00
1.333650869254584398e-02
0.000000000000000000e+00
1.085065605189444206e-02
0.000000000000000000e+00
0.000000000000000000e+00
0.000000000000000000e+00
3.782419468693978826e-02
0.000000000000000000e+00
1.108489034185628462e-02
0.000000000000000000e+00
7.197480881691408275e-03
0.000000000000000000e+00
7.520933621350905235e-03
0.000000000000000000e+00
4.351204351204353282e-02
0.000000000000000000e+00
9.429854631093022993e-03
0.000000000000000000e+00
4.763038818766371363e-03
0.000000000000000000e+00
4.252220162840702859e-03
0.000000000000000000e+00
5.630970336852690605e-02
0.000000000000000000e+00
7.759423239299394204e-03
0.000000000000000000e+00
2.405575160993118217e-03
0.000000000000000000e+00
1.840787949281690993e-03
0.000000000000000000e+00
2.551332097704423884e-03
0.000000000000000000e+00
5.334603477018327877e-03
0.000000000000000000e+00
-5.773380386383496210e-04
0.000000000000000000e+00
-6.711206065089488429e-04
0.000000000000000000e+00
2.319392816094926861e-04
0.000000000000000000e+00
0.000000000000000000e+00
0.000000000000000000e+00
-5.334603477018338286e-03
0.000000000000000000e+00
-3.944545605603620025e-03
0.000000000000000000e+00
-2.254965237870069830e-03
0.000000000000000000e+00
-7.309601602238568682e-04
0.000000000000000000e+00
-1.533244876898127995e-02
0.000000000000000000e+00
-9.111900348944365624e-03
0.000000000000000000e+00
-5.508557938225458125e-03
0.000000000000000000e+00
-3.126885129846497958e-03
0.000000000000000000e+00
-5.602240896358541555e-02
0.000000000000000000e+00
-1.955442741551234945e-02
0.000000000000000000e+00
-1.056980440477546350e-02
0.000000000000000000e+00
-6.253770259692995048e-03
0.000000000000000000e+00
-3.616584094147170039e-03
0.000000000000000000e+00
0.000000000000000000e+00
0.000000000000000000e+00
0.000000000000000000e+00
0.000000000000000000e+00
2.897832817337461439e-02
0.000000000000000000e+00
1.432994250331711718e-02
0.000000000000000000e+00
0.000000000000000000e+00
0.000000000000000000e+00
0.000000000000000000e+00
0.000000000000000000e+00
2.743510359609431168e-02
0.000000000000000000e+00
1.085065605189444206e-02
0.000000000000000000e+00
8.999480799184663565e-03
0.000000000000000000e+00
0.000000000000000000e+00
0.000000000000000000e+00
2.800666825434627166e-02
0.000000000000000000e+00
9.049773755656109406e-03
0.000000000000000000e+00
6.091956233294231957e-03
0.000000000000000000e+00
0.000000000000000000e+00
0.000000000000000000e+00
3.055272900474138506e-02
0.000000000000000000e+00
7.794063521617703404e-03
0.000000000000000000e+00
4.252220162840702859e-03
0.000000000000000000e+00
3.765936580581889532e-03
0.000000000000000000e+00
3.600857346987378083e-02
0.000000000000000000e+00
6.668254346272923724e-03
0.000000000000000000e+00
2.609316918106794995e-03
0.000000000000000000e+00
1.968170475371983086e-03
0.000000000000000000e+00
4.755417956656346479e-02
0.000000000000000000e+00
5.334603477018345224e-03
0.000000000000000000e+00
7.455191194590832932e-04
0.000000000000000000e+00
2.319392816094926861e-04
0.000000000000000000e+00
6.700468135385352457e-04
0.000000000000000000e+00
3.184431667403807287e-03
0.000000000000000000e+00
-1.822380069788872778e-03
0.000000000000000000e+00
-1.826521842674756584e-03
0.000000000000000000e+00
-1.055323731323193348e-03
0.000000000000000000e+00
-1.769128704113213935e-03
0.000000000000000000e+00
-6.091956233294233691e-03
0.000000000000000000e+00
-4.686120179457103907e-03
0.000000000000000000e+00
-3.126885129846497958e-03
0.000000000000000000e+00
-1.806290775242831194e-03
0.000000000000000000e+00
-1.522989058323558076e-02
0.000000000000000000e+00
-9.340999557717822449e-03
0.000000000000000000e+00
-5.988543396000658298e-03
0.000000000000000000e+00
-3.820999716859836085e-03
0.000000000000000000e+00
0.000000000000000000e+00
0.000000000000000000e+00
0.000000000000000000e+00
0.000000000000000000e+00
0.000000000000000000e+00
0.000000000000000000e+00
2.332033291785613749e-02
0.000000000000000000e+00
1.188742607506909632e-02
0.000000000000000000e+00
0.000000000000000000e+00
0.000000000000000000e+00
0.000000000000000000e+00
0.000000000000000000e+00
2.171203409593502887e-02
0.000000000000000000e+00
8.999480799184663565e-03
0.000000000000000000e+00
0.000000000000000000e+00
0.000000000000000000e+00
0.000000000000000000e+00
0.000000000000000000e+00
2.165017644893806048e-02
0.000000000000000000e+00
7.520933621350905235e-03
0.000000000000000000e+00
5.210888183024405852e-03
0.000000000000000000e+00
0.000000000000000000e+00
0.000000000000000000e+00
2.281534958146273426e-02
0.000000000000000000e+00
6.523292295266987922e-03
0.000000000000000000e+00
3.765936580581889532e-03
0.000000000000000000e+00
0.000000000000000000e+00
0.000000000000000000e+00
2.546060750395115480e-02
0.000000000000000000e+00
5.693055094051192866e-03
0.000000000000000000e+00
2.551332097704423884e-03
0.000000000000000000e+00
1.939282057736762491e-03
0.000000000000000000e+00
3.055767761650115405e-02
0.000000000000000000e+00
4.832068366864438261e-03
0.000000000000000000e+00
1.280937396161517874e-03
0.000000000000000000e+00
6.700468135385352457e-04
0.000000000000000000e+00
4.101161995898838786e-02
0.000000000000000000e+00
3.692094686844990536e-03
0.000000000000000000e+00
-2.982076477836340112e-04
0.000000000000000000e+00
-7.309601602238568682e-04
0.000000000000000000e+00
-3.859595673595798992e-04
0.000000000000000000e+00
1.730669384458594084e-03
0.000000000000000000e+00
-2.584466280791494763e-03
0.000000000000000000e+00
-2.512675550769506196e-03
0.000000000000000000e+00
-1.806290775242831194e-03
0.000000000000000000e+00
-2.905815262794660125e-03
0.000000000000000000e+00
-6.479626175412957212e-03
0.000000000000000000e+00
-5.079072055977235448e-03
0.000000000000000000e+00
-3.616584094147170039e-03
0.000000000000000000e+00
-2.420339996603298235e-03
