7.619047619047618347e-02
0.000000000000000000e+00
1.600000000000000033e-01
0.000000000000000000e+00
0.000000000000000000e+00
0.000000000000000000e+00
0.000000000000000000e+00
0.000000000000000000e+00
0.000000000000000000e+00
0.000000000000000000e+00
2.063492063492065182e-02
0.000000000000000000e+00
1.154401154401154261e-01
0.000000000000000000e+00
0.000000000000000000e+00
0.000000000000000000e+00
0.000000000000000000e+00
0.000000000000000000e+00
-1.853968253968253932e-01
0.000000000000000000e+00
3.078403078403072618e-03
0.000000000000000000e+00
8.857808857808859015e-02
0.000000000000000000e+00
0.000000000000000000e+00
0.000000000000000000e+00
0.000000000000000000e+00
0.000000000000000000e+00
-1.587301587301587213e-01
0.000000000000000000e+00
-3.885003885003880664e-03
0.000000000000000000e+00
7.097902097902095142e-02
0.000000000000000000e+00
0.000000000000000000e+00
0.000000000000000000e+00
0.000000000000000000e+00
0.000000000000000000e+00
-1.351981351981351720e-01
0.000000000000000000e+00
-6.926406926406907319e-03
0.000000000000000000e+00
5.872297637003520004e-02
0.000000000000000000e+00
0.000000000000000000e+00
0.000000000000000000e+00
0.000000000000000000e+00
0.000000000000000000e+00
-1.166666666666666685e-01
0.000000000000000000e+00
-8.270487682252405590e-03
0.000000000000000000e+00
4.978328173374612503e-02
0.000000000000000000e+00
0.000000000000000000e+00
0.000000000000000000e+00
0.000000000000000000e+00
0.000000000000000000e+00
-1.021618903971845127e-01
0.000000000000000000e+00
-8.806329549363604847e-03
0.000000000000000000e+00
4.302199348638977711e-02
0.000000000000000000e+00
0.000000000000000000e+00
0.000000000000000000e+00
0.000000000000000000e+00
0.000000000000000000e+00
-9.065015479876160909e-02
0.000000000000000000e+00
-8.934099955771771656e-03
0.000000000000000000e+00
0.000000000000000000e+00
0.000000000000000000e+00
0.000000000000000000e+00
0.000000000000000000e+00
0.000000000000000000e+00
0.000000000000000000e+00
-8.135311540884294923e-02
0.000000000000000000e+00
-8.849528300329208286e-03
0.000000000000000000e+00
7.936507936507937455e-02
0.000000000000000000e+00
1.298701298701298579e-01
0.000000000000000000e+00
0.000000000000000000e+00
0.000000000000000000e+00
0.000000000000000000e+00
0.000000000000000000e+00
6.349206349206361344e-03
0.000000000000000000e+00
3.636363636363636187e-02
0.000000000000000000e+00
9.276437847866420006e-02
0.000000000000000000e+00
0.000000000000000000e+00
0.000000000000000000e+00
0.000000000000000000e+00
0.000000000000000000e+00
-2.337662337662337053e-02
0.000000000000000000e+00
1.931401931401931227e-02
0.000000000000000000e+00
7.070707070707070441e-02
0.000000000000000000e+00
0.000000000000000000e+00
0.000000000000000000e+00
-2.020202020202020166e-01
0.000000000000000000e+00
-2.930402930402931094e-02
0.000000000000000000e+00
1.087801087801086933e-02
0.000000000000000000e+00
5.630970336852691993e-02
0.000000000000000000e+00
0.000000000000000000e+00
0.000000000000000000e+00
-1.676894534037391415e-01
0.000000000000000000e+00
-2.952602952602952774e-02
0.000000000000000000e+00
6.170300287947348347e-03
0.000000000000000000e+00
4.629673731840915074e-02
0.000000000000000000e+00
0.000000000000000000e+00
0.000000000000000000e+00
-1.414141414141414366e-01
0.000000000000000000e+00
-2.813656931303989972e-02
0.000000000000000000e+00
3.334127173136451020e-03
0.000000000000000000e+00
3.900124643158699861e-02
0.000000000000000000e+00
0.000000000000000000e+00
0.000000000000000000e+00
-1.215777686365921428e-01
0.000000000000000000e+00
-2.633960466777804377e-02
0.000000000000000000e+00
1.533244876898131378e-03
0.000000000000000000e+00
0.000000000000000000e+00
0.000000000000000000e+00
0.000000000000000000e+00
0.000000000000000000e+00
-1.063110264348654521e-01
0.000000000000000000e+00
-2.453191803037004654e-02
0.000000000000000000e+00
3.461338768917228501e-04
0.000000000000000000e+00
0.000000000000000000e+00
0.000000000000000000e+00
0.000000000000000000e+00
0.000000000000000000e+00
-9.428651843512525499e-02
0.000000000000000000e+00
-2.284483587485337114e-02
0.000000000000000000e+00
1.803174603174603208e-01
0.000000000000000000e+00
7.849927849927849921e-02
0.000000000000000000e+00
1.178821178821178872e-01
0.000000000000000000e+00
0.000000000000000000e+00
0.000000000000000000e+00
0.000000000000000000e+00
0.000000000000000000e+00
3.506493506493506274e-02
0.000000000000000000e+00
4.095904095904096681e-02
0.000000000000000000e+00
8.294483294483294411e-02
0.000000000000000000e+00
0.000000000000000000e+00
0.000000000000000000e+00
-2.308802308802309147e-02
0.000000000000000000e+00
7.192807192807196270e-03
0.000000000000000000e+00
2.486402486402486400e-02
0.000000000000000000e+00
6.270853329676859267e-02
0.000000000000000000e+00
0.000000000000000000e+00
0.000000000000000000e+00
-3.896103896103896708e-02
0.000000000000000000e+00
-2.486402486402488135e-03
0.000000000000000000e+00
1.631701631701631960e-02
0.000000000000000000e+00
4.964818463270474769e-02
0.000000000000000000e+00
-2.017982017982017928e-01
0.000000000000000000e+00
-3.978243978243978241e-02
0.000000000000000000e+00
-6.487630017041782354e-03
0.000000000000000000e+00
1.122345147112948499e-02
0.000000000000000000e+00
4.061573101820779852e-02
0.000000000000000000e+00
-1.645299145299145560e-01
0.000000000000000000e+00
-3.743315508021390070e-02
0.000000000000000000e+00
-8.224685531187075904e-03
0.000000000000000000e+00
7.954274827339850168e-03
0.000000000000000000e+00
0.000000000000000000e+00
0.000000000000000000e+00
-1.379587732528909094e-01
0.000000000000000000e+00
-3.450172118902769536e-02
0.000000000000000000e+00
-8.933343917864041556e-03
0.000000000000000000e+00
5.743258401758873782e-03
0.000000000000000000e+00
0.000000000000000000e+00
0.000000000000000000e+00
-1.183918248933728823e-01
0.000000000000000000e+00
-3.167420814479637858e-02
0.000000000000000000e+00
-9.137934349941350537e-03
0.000000000000000000e+00
0.000000000000000000e+00
0.000000000000000000e+00
0.000000000000000000e+00
0.000000000000000000e+00
-1.034878434259239310e-01
0.000000000000000000e+00
-2.912652475177713793e-02
0.000000000000000000e+00
-9.085070266925159704e-03
0.000000000000000000e+00
1.587301587301587213e-01
0.000000000000000000e+00
7.770007770007769654e-02
0.000000000000000000e+00
1.125874125874125886e-01
0.000000000000000000e+00
0.000000000000000000e+00
0.000000000000000000e+00
1.154401154401154261e-01
0.000000000000000000e+00
4.329004329004330215e-02
0.000000000000000000e+00
4.273504273504273587e-02
0.000000000000000000e+00
7.806572512454865165e-02
0.000000000000000000e+00
0.000000000000000000e+00
0.000000000000000000e+00
1.332001332001332174e-02
0.000000000000000000e+00
1.802641802641802987e-02
0.000000000000000000e+00
2.730167436049788648e-02
0.000000000000000000e+00
5.855939725908765325e-02
0.000000000000000000e+00
-3.885003885003884827e-02
0.000000000000000000e+00
-5.594405594405595268e-03
0.000000000000000000e+00
7.835301952949012480e-03
0.000000000000000000e+00
1.885970926218604252e-02
0.000000000000000000e+00
4.612668502339203891e-02
0.000000000000000000e+00
-4.584304584304584040e-02
0.000000000000000000e+00
-1.149177619765855141e-02
0.000000000000000000e+00
2.814522938361949198e-03
0.000000000000000000e+00
1.368291151572885445e-02
0.000000000000000000e+00
-1.974358974358974284e-01
0.000000000000000000e+00
-4.372533784298490711e-02
0.000000000000000000e+00
-1.342310939834159486e-02
0.000000000000000000e+00
7.216725482979294368e-05
0.000000000000000000e+00
1.026814527958692935e-02
0.000000000000000000e+00
-1.586909822203939613e-01
0.000000000000000000e+00
-4.007688218214533471e-02
0.000000000000000000e+00
-1.385611292732035968e-02
0.000000000000000000e+00
-1.518650058157394126e-03
0.000000000000000000e+00
0.000000000000000000e+00
0.000000000000000000e+00
-1.323951590205460216e-01
0.000000000000000000e+00
-3.645889714001169374e-02
0.000000000000000000e+00
-1.366785052341654844e-02
0.000000000000000000e+00
-2.473703440186144752e-03
0.000000000000000000e+00
0.000000000000000000e+00
0.000000000000000000e+00
-1.134154334266915254e-01
0.000000000000000000e+00
-3.322047002219299938e-02
0.000000000000000000e+00
-1.321769897890506112e-02
0.000000000000000000e+00
0.000000000000000000e+00
0.000000000000000000e+00
1.471861471861471982e-01
0.000000000000000000e+00
7.725607725607724907e-02
0.000000000000000000e+00
1.102061337355455112e-01
0.000000000000000000e+00
0.000000000000000000e+00
0.000000000000000000e+00
1.088197516768945466e-01
0.000000000000000000e+00
4.623154623154623194e-02
0.000000000000000000e+00
4.356232003290826799e-02
0.000000000000000000e+00
7.544653488925935625e-02
0.000000000000000000e+00
7.259407259407259227e-02
0.000000000000000000e+00
2.521922521922521920e-02
0.000000000000000000e+00
2.284774049479931790e-02
0.000000000000000000e+00
2.854359263027993893e-02
0.000000000000000000e+00
5.620385806144320706e-02
0.000000000000000000e+00
3.885003885003793928e-04
0.000000000000000000e+00
7.051771757654112273e-03
0.000000000000000000e+00
1.277360410487345457e-02
0.000000000000000000e+00
2.022126480330814838e-02
0.000000000000000000e+00
-4.848484848484847787e-02
0.000000000000000000e+00
-1.250514191690662268e-02
0.000000000000000000e+00
0.000000000000000000e+00
0.000000000000000000e+00
7.457282999078665257e-03
0.000000000000000000e+00
1.504593131999243383e-02
0.000000000000000000e+00
-4.923899629781983145e-02
0.000000000000000000e+00
-1.602113057221416295e-02
0.000000000000000000e+00
-3.253969972236226207e-03
0.000000000000000000e+00
4.333329881855927171e-03
0.000000000000000000e+00
-1.922574157868275624e-01
0.000000000000000000e+00
-4.517092814306436499e-02
0.000000000000000000e+00
-1.673593004862354919e-02
0.000000000000000000e+00
-4.864939580244465739e-03
0.000000000000000000e+00
2.369094090725534698e-03
0.000000000000000000e+00
-1.526077637532745890e-01
0.000000000000000000e+00
-4.074563207690142658e-02
0.000000000000000000e+00
-1.644801557306605280e-02
0.000000000000000000e+00
-5.670205417143095450e-03
0.000000000000000000e+00
0.000000000000000000e+00
0.000000000000000000e+00
-1.266968325791855143e-01
0.000000000000000000e+00
-3.677248851565717569e-02
0.000000000000000000e+00
-1.578843824098905696e-02
0.000000000000000000e+00
-6.048713084845616476e-03
0.000000000000000000e+00
0.000000000000000000e+00
0.000000000000000000e+00
1.403263403263403375e-01
0.000000000000000000e+00
7.707390648567119529e-02
0.000000000000000000e+00
1.092260061919504699e-01
0.000000000000000000e+00
0.000000000000000000e+00
0.000000000000000000e+00
1.033411033411033436e-01
0.000000000000000000e+00
4.738790621143562642e-02
0.000000000000000000e+00
4.401047868540128999e-02
0.000000000000000000e+00
7.398174580837119096e-02
0.000000000000000000e+00
7.614607614607613040e-02
0.000000000000000000e+00
3.007450066273595346e-02
0.000000000000000000e+00
2.528783909588862983e-02
0.000000000000000000e+00
2.924505834722553044e-02
0.000000000000000000e+00
4.242424242424240599e-02
0.000000000000000000e+00
1.407742584213172825e-02
0.000000000000000000e+00
1.299010586936283351e-02
0.000000000000000000e+00
1.544379253357581333e-02
0.000000000000000000e+00
2.101949739586030097e-02
0.000000000000000000e+00
-8.144796380090496557e-03
0.000000000000000000e+00
6.495052934681425647e-04
0.000000000000000000e+00
5.734719357010379694e-03
0.000000000000000000e+00
1.006450811269763920e-02
0.000000000000000000e+00
-5.490196078431373167e-02
0.000000000000000000e+00
-1.669488406330511474e-02
0.000000000000000000e+00
-4.381583328951750046e-03
0.000000000000000000e+00
2.013361819526848697e-03
0.000000000000000000e+00
6.788968199656044561e-03
0.000000000000000000e+00
-5.101214574898785270e-02
0.000000000000000000e+00
-1.854698449125693691e-02
0.000000000000000000e+00
-6.543425913462257507e-03
0.000000000000000000e+00
-8.697723060355948624e-05
0.000000000000000000e+00
-1.872445820433436547e-01
0.000000000000000000e+00
-4.553465110740653049e-02
0.000000000000000000e+00
-1.845159820661234143e-02
0.000000000000000000e+00
-7.480041831906147909e-03
0.000000000000000000e+00
-1.340093627077069407e-03
0.000000000000000000e+00
-1.469583048530417047e-01
0.000000000000000000e+00
-4.058937428166127515e-02
0.000000000000000000e+00
-1.770895950193298457e-02
0.000000000000000000e+00
-7.831172133231629681e-03
0.000000000000000000e+00
0.000000000000000000e+00
0.000000000000000000e+00
0.000000000000000000e+00
0.000000000000000000e+00
1.359477124183006702e-01
0.000000000000000000e+00
7.705538355693154762e-02
0.000000000000000000e+00
1.089622451851553903e-01
0.000000000000000000e+00
0.000000000000000000e+00
0.000000000000000000e+00
9.918186388774623274e-02
0.000000000000000000e+00
4.784472493450821901e-02
0.000000000000000000e+00
4.428718855963437867e-02
0.000000000000000000e+00
0.000000000000000000e+00
0.000000000000000000e+00
7.544931466500093276e-02
0.000000000000000000e+00
3.228474312065643392e-02
0.000000000000000000e+00
2.663067926225821253e-02
0.000000000000000000e+00
2.967350174242084498e-02
0.000000000000000000e+00
5.311028840440607662e-02
0.000000000000000000e+00
2.003844109107267082e-02
0.000000000000000000e+00
1.612938145445885069e-02
0.000000000000000000e+00
1.700888065136281491e-02
0.000000000000000000e+00
2.011060834590246843e-02
0.000000000000000000e+00
6.512373075840564851e-03
0.000000000000000000e+00
7.044898685765559748e-03
0.000000000000000000e+00
8.940970039368209554e-03
0.000000000000000000e+00
1.164666535510525472e-02
0.000000000000000000e+00
-1.417004048582996834e-02
0.000000000000000000e+00
-3.500111859244986554e-03
0.000000000000000000e+00
1.593911440458755345e-03
0.000000000000000000e+00
5.059175580107063905e-03
0.000000000000000000e+00
-5.944272445820433792e-02
0.000000000000000000e+00
-1.943319838056680252e-02
0.000000000000000000e+00
-7.100182090086518127e-03
0.000000000000000000e+00
-1.127482618935034915e-03
0.000000000000000000e+00
2.741100600839462605e-03
0.000000000000000000e+00
-5.195341294412502559e-02
0.000000000000000000e+00
-2.004618076767760576e-02
0.000000000000000000e+00
-8.509272394048271460e-03
0.000000000000000000e+00
-2.599223264184901284e-03
0.000000000000000000e+00
-1.826759411898730701e-01
0.000000000000000000e+00
-4.539909022342727973e-02
0.000000000000000000e+00
-1.936693001439265815e-02
0.000000000000000000e+00
-8.994870860532458087e-03
0.000000000000000000e+00
-3.423604310467379900e-03
0.000000000000000000e+00
0.000000000000000000e+00
0.000000000000000000e+00
0.000000000000000000e+00
0.000000000000000000e+00
1.330030959752321884e-01
0.000000000000000000e+00
7.713401149933657441e-02
0.000000000000000000e+00
0.000000000000000000e+00
0.000000000000000000e+00
0.000000000000000000e+00
0.000000000000000000e+00
9.602286258633008220e-02
0.000000000000000000e+00
4.800235883827215499e-02
0.000000000000000000e+00
4.447820318058573474e-02
0.000000000000000000e+00
0.000000000000000000e+00
0.000000000000000000e+00
7.383576176145835446e-02
0.000000000000000000e+00
3.334127173136461342e-02
0.000000000000000000e+00
2.741380304982404814e-02
0.000000000000000000e+00
0.000000000000000000e+00
0.000000000000000000e+00
5.601333650869254333e-02
0.000000000000000000e+00
2.294918703587434453e-02
0.000000000000000000e+00
1.792007068625725216e-02
0.000000000000000000e+00
1.798050112493509989e-02
0.000000000000000000e+00
3.600857346987378083e-02
0.000000000000000000e+00
1.316330728095434222e-02
0.000000000000000000e+00
1.053045756235956865e-02
0.000000000000000000e+00
1.087179881634047808e-02
0.000000000000000000e+00
2.972136222910211345e-03
0.000000000000000000e+00
1.047868540128609784e-03
0.000000000000000000e+00
3.075266367768723138e-03
0.000000000000000000e+00
5.015686964805284379e-03
0.000000000000000000e+00
6.951735690462302469e-03
0.000000000000000000e+00
-1.863482234999262743e-02
0.000000000000000000e+00
-6.378330244261055590e-03
0.000000000000000000e+00
-1.101711587645091018e-03
0.000000000000000000e+00
2.071561398523304176e-03
0.000000000000000000e+00
-6.280406899601945203e-02
0.000000000000000000e+00
-2.132184681652981445e-02
0.000000000000000000e+00
-8.903628340968494995e-03
0.000000000000000000e+00
-3.126885129846497524e-03
0.000000000000000000e+00
3.473636106236218171e-04
0.000000000000000000e+00
-5.243928234909524255e-02
0.000000000000000000e+00
-2.097109782127953848e-02
0.000000000000000000e+00
-9.757556722154919759e-03
0.000000000000000000e+00
-4.168363327483458336e-03
0.000000000000000000e+00
0.000000000000000000e+00
0.000000000000000000e+00
0.000000000000000000e+00
0.000000000000000000e+00
0.000000000000000000e+00
0.000000000000000000e+00
1.309423290847439303e-01
0.000000000000000000e+00
7.726826948794912608e-02
0.000000000000000000e+00
0.000000000000000000e+00
0.000000000000000000e+00
0.000000000000000000e+00
0.000000000000000000e+00
9.358288770053475869e-02
0.000000000000000000e+00
4.802607541872584707e-02
0.000000000000000000e+00
0.000000000000000000e+00
0.000000000000000000e+00
0.000000000000000000e+00
0.000000000000000000e+00
7.213838792786161913e-02
0.000000000000000000e+00
3.384420129607906835e-02
0.000000000000000000e+00
2.788957979696975523e-02
0.000000000000000000e+00
0.000000000000000000e+00
0.000000000000000000e+00
5.645972378311248097e-02
0.000000000000000000e+00
2.446234610725121078e-02
0.000000000000000000e+00
1.899582716381746986e-02
0.000000000000000000e+00
0.000000000000000000e+00
0.000000000000000000e+00
4.165493948775682298e-02
0.000000000000000000e+00
1.655633369188356380e-02
0.000000000000000000e+00
1.257442248154322546e-02
0.000000000000000000e+00
1.209742616969123122e-02
0.000000000000000000e+00
2.281773953600579885e-02
0.000000000000000000e+00
8.154115369083739240e-03
0.000000000000000000e+00
6.740933047299987879e-03
0.000000000000000000e+00
7.119247393846936389e-03
0.000000000000000000e+00
-1.058796724431398939e-02
0.000000000000000000e+00
-3.076745572370825736e-03
0.000000000000000000e+00
2.485063731530276921e-04
0.000000000000000000e+00
2.395924969622640656e-03
0.000000000000000000e+00
4.095459853648869553e-03
0.000000000000000000e+00
-2.206603465184700519e-02
0.000000000000000000e+00
-8.473357306309253073e-03
0.000000000000000000e+00
-2.973332735077248608e-03
0.000000000000000000e+00
1.042090831870868487e-04
0.000000000000000000e+00
-6.538084341288002976e-02
0.000000000000000000e+00
-2.267869161394535024e-02
0.000000000000000000e+00
-1.015814411195446916e-02
0.000000000000000000e+00
-4.481419421008449831e-03
0.000000000000000000e+00
-1.210169998301649117e-03
