-1.523809523809522837e+00
0.000000000000000000e+00
3.809523809523806648e+00
0.000000000000000000e+00
0.000000000000000000e+00
0.000000000000000000e+00
0.000000000000000000e+00
0.000000000000000000e+00
0.000000000000000000e+00
0.000000000000000000e+00
1.269841269841274212e-01
0.000000000000000000e+00
4.906204906204909122e+00
0.000000000000000000e+00
0.000000000000000000e+00
0.000000000000000000e+00
0.000000000000000000e+00
0.000000000000000000e+00
2.539682539682530660e-01
0.000000000000000000e+00
8.465608465608456257e-01
0.000000000000000000e+00
5.594405594405594151e+00
0.000000000000000000e+00
0.000000000000000000e+00
0.000000000000000000e+00
0.000000000000000000e+00
0.000000000000000000e+00
6.637806637806642485e-01
0.000000000000000000e+00
1.243201243201241812e+00
0.000000000000000000e+00
6.069930069930068228e+00
0.000000000000000000e+00
0.000000000000000000e+00
0.000000000000000000e+00
0.000000000000000000e+00
0.000000000000000000e+00
8.205128205128198182e-01
0.000000000000000000e+00
1.491841491841492395e+00
0.000000000000000000e+00
6.419306184012066652e+00
0.000000000000000000e+00
0.000000000000000000e+00
0.000000000000000000e+00
0.000000000000000000e+00
0.000000000000000000e+00
8.876456876456885192e-01
0.000000000000000000e+00
1.661136249371544249e+00
0.000000000000000000e+00
6.687306501547985782e+00
0.000000000000000000e+00
0.000000000000000000e+00
0.000000000000000000e+00
0.000000000000000000e+00
0.000000000000000000e+00
9.170437405731526326e-01
0.000000000000000000e+00
1.783281733746130193e+00
0.000000000000000000e+00
6.899601946041572731e+00
0.000000000000000000e+00
0.000000000000000000e+00
0.000000000000000000e+00
0.000000000000000000e+00
0.000000000000000000e+00
9.287925696594427905e-01
0.000000000000000000e+00
1.875276426360017235e+00
0.000000000000000000e+00
0.000000000000000000e+00
0.000000000000000000e+00
0.000000000000000000e+00
0.000000000000000000e+00
0.000000000000000000e+00
0.000000000000000000e+00
9.317411174996315104e-01
0.000000000000000000e+00
1.946896226072427183e+00
0.000000000000000000e+00
-1.333333333333332149e+00
0.000000000000000000e+00
3.939393939393935895e+00
0.000000000000000000e+00
0.000000000000000000e+00
0.000000000000000000e+00
0.000000000000000000e+00
0.000000000000000000e+00
-2.285714285714286476e+00
0.000000000000000000e+00
3.636363636363650897e-01
0.000000000000000000e+00
5.128205128205124197e+00
0.000000000000000000e+00
0.000000000000000000e+00
0.000000000000000000e+00
0.000000000000000000e+00
0.000000000000000000e+00
-4.545454545454550299e-01
0.000000000000000000e+00
1.165501165501165559e+00
0.000000000000000000e+00
5.901320901320900703e+00
0.000000000000000000e+00
0.000000000000000000e+00
0.000000000000000000e+00
1.818181818181818121e+00
0.000000000000000000e+00
2.797202797202804625e-01
0.000000000000000000e+00
1.631701631701631960e+00
0.000000000000000000e+00
6.450020567667623439e+00
0.000000000000000000e+00
0.000000000000000000e+00
0.000000000000000000e+00
1.981351981351979763e+00
0.000000000000000000e+00
6.526806526806532283e-01
0.000000000000000000e+00
1.935006170300287653e+00
0.000000000000000000e+00
6.861633722314837591e+00
0.000000000000000000e+00
0.000000000000000000e+00
0.000000000000000000e+00
1.936285936285936149e+00
0.000000000000000000e+00
8.687782805429864474e-01
0.000000000000000000e+00
2.147177899499880471e+00
0.000000000000000000e+00
7.182662538699692512e+00
0.000000000000000000e+00
0.000000000000000000e+00
0.000000000000000000e+00
1.842863019333606633e+00
0.000000000000000000e+00
1.005239342700643634e+00
0.000000000000000000e+00
2.303405572755417907e+00
0.000000000000000000e+00
0.000000000000000000e+00
0.000000000000000000e+00
0.000000000000000000e+00
0.000000000000000000e+00
1.743272207668492335e+00
0.000000000000000000e+00
1.096859796550199606e+00
0.000000000000000000e+00
2.422937138242025057e+00
0.000000000000000000e+00
0.000000000000000000e+00
0.000000000000000000e+00
0.000000000000000000e+00
0.000000000000000000e+00
1.649712516585581046e+00
0.000000000000000000e+00
1.161279156971713356e+00
0.000000000000000000e+00
-1.033142857142857274e+01
0.000000000000000000e+00
-1.246753246753248945e+00
0.000000000000000000e+00
4.027972027972030133e+00
0.000000000000000000e+00
0.000000000000000000e+00
0.000000000000000000e+00
0.000000000000000000e+00
0.000000000000000000e+00
-2.462337662337660937e+00
0.000000000000000000e+00
4.795204795204792703e-01
0.000000000000000000e+00
5.286713286713281335e+00
0.000000000000000000e+00
0.000000000000000000e+00
0.000000000000000000e+00
-2.632034632034634392e+00
0.000000000000000000e+00
-5.754245754245763678e-01
0.000000000000000000e+00
1.342657342657341601e+00
0.000000000000000000e+00
6.127519539284245198e+00
0.000000000000000000e+00
0.000000000000000000e+00
0.000000000000000000e+00
-5.274725274725269308e-01
0.000000000000000000e+00
2.685314685314690308e-01
0.000000000000000000e+00
1.865898807075278221e+00
0.000000000000000000e+00
6.736876745545476552e+00
0.000000000000000000e+00
3.580419580419580861e+00
0.000000000000000000e+00
2.685314685314685867e-01
0.000000000000000000e+00
7.345125462772519320e-01
0.000000000000000000e+00
2.217255190629805028e+00
0.000000000000000000e+00
7.201714693974757608e+00
0.000000000000000000e+00
3.524475524475524590e+00
0.000000000000000000e+00
6.450020567667631433e-01
0.000000000000000000e+00
1.023298187880230081e+00
0.000000000000000000e+00
2.469159323648487003e+00
0.000000000000000000e+00
0.000000000000000000e+00
0.000000000000000000e+00
3.289510489510488078e+00
0.000000000000000000e+00
8.455000108250885216e-01
0.000000000000000000e+00
1.216289592760182003e+00
0.000000000000000000e+00
2.658308174528392964e+00
0.000000000000000000e+00
0.000000000000000000e+00
0.000000000000000000e+00
3.039996535971766889e+00
0.000000000000000000e+00
9.602286258633004890e-01
0.000000000000000000e+00
1.352414283791320004e+00
0.000000000000000000e+00
0.000000000000000000e+00
0.000000000000000000e+00
0.000000000000000000e+00
0.000000000000000000e+00
2.812098118599665852e+00
0.000000000000000000e+00
1.028863719400803678e+00
0.000000000000000000e+00
1.452433128857951505e+00
0.000000000000000000e+00
-9.797979797979802896e+00
0.000000000000000000e+00
-1.196581196581199436e+00
0.000000000000000000e+00
4.092307692307691980e+00
0.000000000000000000e+00
0.000000000000000000e+00
0.000000000000000000e+00
-1.252525252525252064e+01
0.000000000000000000e+00
-2.498834498834497708e+00
0.000000000000000000e+00
5.470085470085486179e-01
0.000000000000000000e+00
5.405731523378577208e+00
0.000000000000000000e+00
0.000000000000000000e+00
0.000000000000000000e+00
-3.216783216783217547e+00
0.000000000000000000e+00
-6.091686091686083770e-01
0.000000000000000000e+00
1.454667337020278950e+00
0.000000000000000000e+00
6.301500357227912019e+00
0.000000000000000000e+00
-2.828282828282829620e+00
0.000000000000000000e+00
-1.044289044289043566e+00
0.000000000000000000e+00
2.925179395767623092e-01
0.000000000000000000e+00
2.022703818369453010e+00
0.000000000000000000e+00
6.961657537508932236e+00
0.000000000000000000e+00
-4.133644133644125418e-01
0.000000000000000000e+00
-1.023812788518667638e-01
0.000000000000000000e+00
8.168611574184314605e-01
0.000000000000000000e+00
2.413908073350796712e+00
0.000000000000000000e+00
5.430303030303030631e+00
0.000000000000000000e+00
4.641284641284646462e-01
0.000000000000000000e+00
4.000952607763754720e-01
0.000000000000000000e+00
1.155830753353972007e+00
0.000000000000000000e+00
2.700159803403845871e+00
0.000000000000000000e+00
5.175373645961881763e+00
0.000000000000000000e+00
8.557593077716914021e-01
0.000000000000000000e+00
7.001667063586567430e-01
0.000000000000000000e+00
1.390475993248911468e+00
0.000000000000000000e+00
0.000000000000000000e+00
0.000000000000000000e+00
4.761133603238865142e+00
0.000000000000000000e+00
1.047868540128602088e+00
0.000000000000000000e+00
8.929662341965480810e-01
0.000000000000000000e+00
1.561017633598061671e+00
0.000000000000000000e+00
0.000000000000000000e+00
0.000000000000000000e+00
4.361038342462491002e+00
0.000000000000000000e+00
1.145441806365214310e+00
0.000000000000000000e+00
1.023448647193431205e+00
0.000000000000000000e+00
0.000000000000000000e+00
0.000000000000000000e+00
-9.430569430569427425e+00
0.000000000000000000e+00
-1.163636363636364024e+00
0.000000000000000000e+00
4.141176470588241898e+00
0.000000000000000000e+00
0.000000000000000000e+00
0.000000000000000000e+00
-1.191189762618334669e+01
0.000000000000000000e+00
-2.498834498834497708e+00
0.000000000000000000e+00
5.903743315507998801e-01
0.000000000000000000e+00
5.498452012383900467e+00
0.000000000000000000e+00
-1.465201465201464792e+01
0.000000000000000000e+00
-3.395715395715397378e+00
0.000000000000000000e+00
-6.186754422048554858e-01
0.000000000000000000e+00
1.531100478468900405e+00
0.000000000000000000e+00
6.439628482972132417e+00
0.000000000000000000e+00
-3.822843822843821293e+00
0.000000000000000000e+00
-1.247380070909481553e+00
0.000000000000000000e+00
3.182575937993892268e-01
0.000000000000000000e+00
2.134534196453702570e+00
0.000000000000000000e+00
-2.953846153846155786e+00
0.000000000000000000e+00
-1.329494035376388439e+00
0.000000000000000000e+00
-2.474305879878633263e-01
0.000000000000000000e+00
8.833271991166737891e-01
0.000000000000000000e+00
2.558621617983575014e+00
0.000000000000000000e+00
-2.092965857671731378e-01
0.000000000000000000e+00
-2.684621879668327438e-01
0.000000000000000000e+00
3.195978428176564634e-01
0.000000000000000000e+00
1.259927311885852497e+00
0.000000000000000000e+00
7.326696832579187024e+00
0.000000000000000000e+00
7.607005997098885697e-01
0.000000000000000000e+00
2.845451761860435802e-01
0.000000000000000000e+00
6.768840259215811450e-01
0.000000000000000000e+00
1.527419571947772337e+00
0.000000000000000000e+00
6.887354131936175072e+00
0.000000000000000000e+00
1.174305570590399528e+00
0.000000000000000000e+00
6.057342845605062642e-01
0.000000000000000000e+00
9.178547391496634233e-01
0.000000000000000000e+00
0.000000000000000000e+00
0.000000000000000000e+00
6.302452964991664075e+00
0.000000000000000000e+00
1.362382939445800467e+00
0.000000000000000000e+00
8.054919908466817713e-01
0.000000000000000000e+00
1.088445141595921317e+00
0.000000000000000000e+00
0.000000000000000000e+00
0.000000000000000000e+00
-9.163636363636367577e+00
0.000000000000000000e+00
-1.140271493212669185e+00
0.000000000000000000e+00
4.179566563467492557e+00
0.000000000000000000e+00
0.000000000000000000e+00
0.000000000000000000e+00
-1.145454545454545681e+01
0.000000000000000000e+00
-2.487865076100369777e+00
0.000000000000000000e+00
6.201476542033805828e-01
0.000000000000000000e+00
5.572755417956660295e+00
0.000000000000000000e+00
-1.395104895104894815e+01
0.000000000000000000e+00
-3.455368161250515158e+00
0.000000000000000000e+00
-6.199203273506714851e-01
0.000000000000000000e+00
1.586091926649199735e+00
0.000000000000000000e+00
-1.674125874125874702e+01
0.000000000000000000e+00
-4.146441793500615702e+00
0.000000000000000000e+00
-1.344475957479054351e+00
0.000000000000000000e+00
3.403407737773083142e-01
0.000000000000000000e+00
2.217919380390773298e+00
0.000000000000000000e+00
-4.353763883175647109e+00
0.000000000000000000e+00
-1.704951395353871746e+00
0.000000000000000000e+00
-3.166338305657196983e-01
0.000000000000000000e+00
9.354401151412874427e-01
0.000000000000000000e+00
-3.040723981900450124e+00
0.000000000000000000e+00
-1.522180605771938033e+00
0.000000000000000000e+00
-5.845547641213260093e-01
0.000000000000000000e+00
2.899241020118656920e-01
0.000000000000000000e+00
1.341397641260341445e+00
0.000000000000000000e+00
4.501071683734325646e-02
0.000000000000000000e+00
-3.312476996687525599e-01
0.000000000000000000e+00
4.077057684541784965e-02
0.000000000000000000e+00
6.857284860784664815e-01
0.000000000000000000e+00
9.250773993808051543e+00
0.000000000000000000e+00
1.114551083591330594e+00
0.000000000000000000e+00
2.795696697971572497e-01
0.000000000000000000e+00
4.279279745695148129e-01
0.000000000000000000e+00
9.610983981693368428e-01
0.000000000000000000e+00
8.637770897832815820e+00
0.000000000000000000e+00
1.554717997038633337e+00
0.000000000000000000e+00
6.270188554210631704e-01
0.000000000000000000e+00
6.840759186969989081e-01
0.000000000000000000e+00
0.000000000000000000e+00
0.000000000000000000e+00
0.000000000000000000e+00
0.000000000000000000e+00
-8.961287078934130790e+00
0.000000000000000000e+00
-1.122807017543859587e+00
0.000000000000000000e+00
4.210526315789479668e+00
0.000000000000000000e+00
0.000000000000000000e+00
0.000000000000000000e+00
-1.110836875542758762e+01
0.000000000000000000e+00
-2.473922362467256164e+00
0.000000000000000000e+00
6.416040100250608447e-01
0.000000000000000000e+00
0.000000000000000000e+00
0.000000000000000000e+00
-1.339772790753183074e+01
0.000000000000000000e+00
-3.470956288293749026e+00
0.000000000000000000e+00
-6.181365933687921199e-01
0.000000000000000000e+00
1.627256547165014666e+00
0.000000000000000000e+00
-1.594588418117830919e+01
0.000000000000000000e+00
-4.267009220569592642e+00
0.000000000000000000e+00
-1.396003377427524228e+00
0.000000000000000000e+00
3.584014137251472221e-01
0.000000000000000000e+00
-1.880744092508797749e+01
0.000000000000000000e+00
-4.820541687414750420e+00
0.000000000000000000e+00
-1.891744306604987713e+00
0.000000000000000000e+00
-3.534312862620838658e-01
0.000000000000000000e+00
9.764643755759667698e-01
0.000000000000000000e+00
-4.841152655394141746e+00
0.000000000000000000e+00
-2.069179530479841489e+00
0.000000000000000000e+00
-7.503128380770061057e-01
0.000000000000000000e+00
2.797187736210480224e-01
0.000000000000000000e+00
-3.104231166150667853e+00
0.000000000000000000e+00
-1.661347939985709843e+00
0.000000000000000000e+00
-8.173098494810719927e-01
0.000000000000000000e+00
-8.568867903906252081e-02
0.000000000000000000e+00
7.035491542154606037e-01
0.000000000000000000e+00
3.302373581011375236e-01
0.000000000000000000e+00
-3.341030127946251760e-01
0.000000000000000000e+00
-1.258270602731501597e-01
0.000000000000000000e+00
3.420030610769613233e-01
0.000000000000000000e+00
1.119268760135632590e+01
0.000000000000000000e+00
1.504186724270180964e+00
0.000000000000000000e+00
3.389626929807301181e-01
0.000000000000000000e+00
2.970540873354172717e-01
0.000000000000000000e+00
6.352608582762848677e-01
0.000000000000000000e+00
0.000000000000000000e+00
0.000000000000000000e+00
0.000000000000000000e+00
0.000000000000000000e+00
-8.802724458204330915e+00
0.000000000000000000e+00
-1.109243697478994761e+00
0.000000000000000000e+00
0.000000000000000000e+00
0.000000000000000000e+00
0.000000000000000000e+00
0.000000000000000000e+00
-1.083915217909024520e+01
0.000000000000000000e+00
-2.459796550199028431e+00
0.000000000000000000e+00
6.576543660942633096e-01
0.000000000000000000e+00
0.000000000000000000e+00
0.000000000000000000e+00
-1.296708740176232411e+01
0.000000000000000000e+00
-3.468444867825674294e+00
0.000000000000000000e+00
-6.152875795627146260e-01
0.000000000000000000e+00
0.000000000000000000e+00
0.000000000000000000e+00
-1.529164086687307034e+01
0.000000000000000000e+00
-4.309597523219814263e+00
0.000000000000000000e+00
-1.425101214574896247e+00
0.000000000000000000e+00
3.730492471588160441e-01
0.000000000000000000e+00
-1.791226482495832073e+01
0.000000000000000000e+00
-5.001190759704688737e+00
0.000000000000000000e+00
-1.994822783892642448e+00
0.000000000000000000e+00
-3.743897615374267573e-01
0.000000000000000000e+00
-2.085845201238390700e+01
0.000000000000000000e+00
-5.448916408668729616e+00
0.000000000000000000e+00
-2.345403149818277022e+00
0.000000000000000000e+00
-8.470422564378692343e-01
0.000000000000000000e+00
2.777344042117224632e-01
0.000000000000000000e+00
-5.301017249004866372e+00
0.000000000000000000e+00
-2.378205991074477943e+00
0.000000000000000000e+00
-1.079213477328971216e+00
0.000000000000000000e+00
-1.586503342755865020e-01
0.000000000000000000e+00
-3.152587350729769700e+00
0.000000000000000000e+00
-1.766667307655325203e+00
0.000000000000000000e+00
-9.884589498534857022e-01
0.000000000000000000e+00
-3.482568313366529722e-01
0.000000000000000000e+00
2.965095780283233395e-01
0.000000000000000000e+00
6.358479318500858124e-01
0.000000000000000000e+00
-2.989119858469702073e-01
0.000000000000000000e+00
-2.261826774951005703e-01
0.000000000000000000e+00
1.176867912792829429e-01
0.000000000000000000e+00
0.000000000000000000e+00
0.000000000000000000e+00
0.000000000000000000e+00
0.000000000000000000e+00
0.000000000000000000e+00
0.000000000000000000e+00
-8.675163845442483534e+00
0.000000000000000000e+00
-1.098398169336391561e+00
0.000000000000000000e+00
0.000000000000000000e+00
0.000000000000000000e+00
0.000000000000000000e+00
0.000000000000000000e+00
-1.062442201761087546e+01
0.000000000000000000e+00
-2.446474241870667754e+00
0.000000000000000000e+00
0.000000000000000000e+00
0.000000000000000000e+00
0.000000000000000000e+00
0.000000000000000000e+00
-1.262638290502068728e+01
0.000000000000000000e+00
-3.458262023344808256e+00
0.000000000000000000e+00
-6.121660813274782953e-01
0.000000000000000000e+00
0.000000000000000000e+00
0.000000000000000000e+00
-1.477244286813665042e+01
0.000000000000000000e+00
-4.318419499466749301e+00
0.000000000000000000e+00
-1.442132184681653939e+00
0.000000000000000000e+00
0.000000000000000000e+00
0.000000000000000000e+00
-1.715317499837624382e+01
0.000000000000000000e+00
-5.070072208045019124e+00
0.000000000000000000e+00
-2.055445913623326959e+00
0.000000000000000000e+00
-3.868867705184886319e-01
0.000000000000000000e+00
-1.985927385308189841e+01
0.000000000000000000e+00
-5.688310881472818714e+00
0.000000000000000000e+00
-2.499877422348816047e+00
0.000000000000000000e+00
-9.075784089379439479e-01
0.000000000000000000e+00
-2.289895862651281533e+01
0.000000000000000000e+00
-6.047651097052093583e+00
0.000000000000000000e+00
-2.742913944313864150e+00
0.000000000000000000e+00
-1.235688150858427647e+00
0.000000000000000000e+00
-2.037866515658572908e-01
0.000000000000000000e+00
-5.742361017633603737e+00
0.000000000000000000e+00
-2.651662404092072656e+00
0.000000000000000000e+00
-1.345537757437070603e+00
0.000000000000000000e+00
-4.835301459880829711e-01
0.000000000000000000e+00
-3.190585158548550737e+00
0.000000000000000000e+00
-1.849185623906312692e+00
0.000000000000000000e+00
-1.119935388342979454e+00
0.000000000000000000e+00
-5.434310708422871450e-01
0.000000000000000000e+00
9.681359986413617946e-03
