2.133333333333336412e+00
0.000000000000000000e+00
-1.011809523809524336e+01
0.000000000000000000e+00
0.000000000000000000e+00
0.000000000000000000e+00
0.000000000000000000e+00
0.000000000000000000e+00
0.000000000000000000e+00
0.000000000000000000e+00
2.276825396825397263e+01
0.000000000000000000e+00
3.552669552669554065e+01
0.000000000000000000e+00
0.000000000000000000e+00
0.000000000000000000e+00
0.000000000000000000e+00
0.000000000000000000e+00
6.384761904761903395e+01
0.000000000000000000e+00
5.459240019240019848e+01
0.000000000000000000e+00
1.031262071262071061e+02
0.000000000000000000e+00
0.000000000000000000e+00
0.000000000000000000e+00
0.000000000000000000e+00
0.000000000000000000e+00
1.118903318903319075e+02
0.000000000000000000e+00
1.015073815073814671e+02
0.000000000000000000e+00
1.978503496503495569e+02
0.000000000000000000e+00
0.000000000000000000e+00
0.000000000000000000e+00
0.000000000000000000e+00
0.000000000000000000e+00
1.828997668997669166e+02
0.000000000000000000e+00
1.667495171495171178e+02
0.000000000000000000e+00
3.244725992961287488e+02
0.000000000000000000e+00
0.000000000000000000e+00
0.000000000000000000e+00
0.000000000000000000e+00
0.000000000000000000e+00
2.815468531468530955e+02
0.000000000000000000e+00
2.534049270990447269e+02
0.000000000000000000e+00
4.876265015479878002e+02
0.000000000000000000e+00
0.000000000000000000e+00
0.000000000000000000e+00
0.000000000000000000e+00
0.000000000000000000e+00
4.123897435897436026e+02
0.000000000000000000e+00
3.645115927072583304e+02
0.000000000000000000e+00
6.918853282939970768e+02
0.000000000000000000e+00
0.000000000000000000e+00
0.000000000000000000e+00
0.000000000000000000e+00
0.000000000000000000e+00
5.799529411764707447e+02
0.000000000000000000e+00
5.030885448916408791e+02
0.000000000000000000e+00
0.000000000000000000e+00
0.000000000000000000e+00
0.000000000000000000e+00
0.000000000000000000e+00
0.000000000000000000e+00
0.000000000000000000e+00
7.887483414418396706e+02
0.000000000000000000e+00
6.721462417572257664e+02
0.000000000000000000e+00
-2.015238095238095539e+01
0.000000000000000000e+00
-6.005772005772008981e+01
0.000000000000000000e+00
0.000000000000000000e+00
0.000000000000000000e+00
0.000000000000000000e+00
0.000000000000000000e+00
3.911111111111113203e+00
0.000000000000000000e+00
-3.740259740259510579e-01
0.000000000000000000e+00
-1.421435707149990790e+01
0.000000000000000000e+00
0.000000000000000000e+00
0.000000000000000000e+00
0.000000000000000000e+00
0.000000000000000000e+00
2.337662337662337819e+01
0.000000000000000000e+00
2.752181152181154289e+01
0.000000000000000000e+00
5.012043512043513971e+01
0.000000000000000000e+00
0.000000000000000000e+00
0.000000000000000000e+00
6.649350649350648723e+01
0.000000000000000000e+00
5.169230769230770761e+01
0.000000000000000000e+00
6.735664335664331759e+01
0.000000000000000000e+00
1.381123451711687835e+02
0.000000000000000000e+00
0.000000000000000000e+00
0.000000000000000000e+00
1.119880119880120048e+02
0.000000000000000000e+00
9.221289821289821020e+01
0.000000000000000000e+00
1.218194981489098865e+02
0.000000000000000000e+00
2.540936413431768983e+02
0.000000000000000000e+00
0.000000000000000000e+00
0.000000000000000000e+00
1.783558663558662829e+02
0.000000000000000000e+00
1.474948580830933906e+02
0.000000000000000000e+00
1.933313646106215344e+02
0.000000000000000000e+00
4.021004382614290193e+02
0.000000000000000000e+00
0.000000000000000000e+00
0.000000000000000000e+00
2.695647881530234145e+02
0.000000000000000000e+00
2.199043581805192105e+02
0.000000000000000000e+00
2.842225563909775019e+02
0.000000000000000000e+00
0.000000000000000000e+00
0.000000000000000000e+00
0.000000000000000000e+00
0.000000000000000000e+00
3.894412955465586492e+02
0.000000000000000000e+00
3.117440660474716765e+02
0.000000000000000000e+00
3.967857239005442125e+02
0.000000000000000000e+00
0.000000000000000000e+00
0.000000000000000000e+00
0.000000000000000000e+00
0.000000000000000000e+00
5.417691287041130863e+02
0.000000000000000000e+00
4.252908870642077659e+02
0.000000000000000000e+00
-4.478984126984126135e+01
0.000000000000000000e+00
-5.271457431457430687e+01
0.000000000000000000e+00
-1.317269397269397473e+02
0.000000000000000000e+00
0.000000000000000000e+00
0.000000000000000000e+00
0.000000000000000000e+00
0.000000000000000000e+00
-1.650909090909090438e+01
0.000000000000000000e+00
-3.014851814851815348e+01
0.000000000000000000e+00
-8.219968919968920318e+01
0.000000000000000000e+00
0.000000000000000000e+00
0.000000000000000000e+00
4.740740740740736925e+00
0.000000000000000000e+00
2.071528471528482740e+00
0.000000000000000000e+00
-2.543234543234527578e+00
0.000000000000000000e+00
-1.764598219500179255e+01
0.000000000000000000e+00
0.000000000000000000e+00
0.000000000000000000e+00
2.416650016650017463e+01
0.000000000000000000e+00
2.677171717171716026e+01
0.000000000000000000e+00
3.499008181361118375e+01
0.000000000000000000e+00
6.789070990928593119e+01
0.000000000000000000e+00
6.950116550116550229e+01
0.000000000000000000e+00
5.121989121989120264e+01
0.000000000000000000e+00
6.098409825468650070e+01
0.000000000000000000e+00
8.518793652168263009e+01
0.000000000000000000e+00
1.787899283379159669e+02
0.000000000000000000e+00
1.136099456099456262e+02
0.000000000000000000e+00
8.912205006322653844e+01
0.000000000000000000e+00
1.068806477732793496e+02
0.000000000000000000e+00
1.502693022148130808e+02
0.000000000000000000e+00
0.000000000000000000e+00
0.000000000000000000e+00
1.774472325060560252e+02
0.000000000000000000e+00
1.401357379462642427e+02
0.000000000000000000e+00
1.663386943981371076e+02
0.000000000000000000e+00
2.322745995423341583e+02
0.000000000000000000e+00
0.000000000000000000e+00
0.000000000000000000e+00
2.645688107558076467e+02
0.000000000000000000e+00
2.062881638485353619e+02
0.000000000000000000e+00
2.411348576043689604e+02
0.000000000000000000e+00
0.000000000000000000e+00
0.000000000000000000e+00
0.000000000000000000e+00
0.000000000000000000e+00
3.783567516075256094e+02
0.000000000000000000e+00
2.895255871990291325e+02
0.000000000000000000e+00
3.330037577552344601e+02
0.000000000000000000e+00
-8.886002886002886214e+01
0.000000000000000000e+00
-1.000466200466200206e+02
0.000000000000000000e+00
-2.304517482517482279e+02
0.000000000000000000e+00
0.000000000000000000e+00
0.000000000000000000e+00
-4.559884559884558541e+01
0.000000000000000000e+00
-4.478188478188478427e+01
0.000000000000000000e+00
-7.135353535353534937e+01
0.000000000000000000e+00
-1.737922208510443056e+02
0.000000000000000000e+00
0.000000000000000000e+00
0.000000000000000000e+00
-1.537795537795538436e+01
0.000000000000000000e+00
-2.382284382284383639e+01
0.000000000000000000e+00
-4.185048067401010030e+01
0.000000000000000000e+00
-1.063667799692565836e+02
0.000000000000000000e+00
5.221445221445222273e+00
0.000000000000000000e+00
3.192540792540796701e+00
0.000000000000000000e+00
5.098169804052385956e-01
0.000000000000000000e+00
-4.432031676613712889e+00
0.000000000000000000e+00
-2.063301179540960462e+01
0.000000000000000000e+00
2.493550893550893477e+01
0.000000000000000000e+00
2.679464326523150675e+01
0.000000000000000000e+00
3.261122778150641466e+01
0.000000000000000000e+00
4.411924917188078155e+01
0.000000000000000000e+00
7.260419580419579688e+01
0.000000000000000000e+00
5.144829897771074911e+01
0.000000000000000000e+00
5.873259867067918094e+01
0.000000000000000000e+00
7.474160514408191602e+01
0.000000000000000000e+00
1.060793632714483437e+02
0.000000000000000000e+00
1.158316193610311018e+02
0.000000000000000000e+00
8.800176088101785865e+01
0.000000000000000000e+00
1.009655978696226271e+02
0.000000000000000000e+00
1.286463650765709872e+02
0.000000000000000000e+00
0.000000000000000000e+00
0.000000000000000000e+00
1.780816731256360015e+02
0.000000000000000000e+00
1.367085669748208261e+02
0.000000000000000000e+00
1.551209915404288893e+02
0.000000000000000000e+00
1.958936830567467098e+02
0.000000000000000000e+00
0.000000000000000000e+00
0.000000000000000000e+00
2.626443525514732755e+02
0.000000000000000000e+00
1.993994084167727578e+02
0.000000000000000000e+00
2.227105482376017278e+02
0.000000000000000000e+00
0.000000000000000000e+00
0.000000000000000000e+00
-1.558121878121878296e+02
0.000000000000000000e+00
-1.655560439560439079e+02
0.000000000000000000e+00
-3.610513826043239192e+02
0.000000000000000000e+00
0.000000000000000000e+00
0.000000000000000000e+00
-8.732695875553018539e+01
0.000000000000000000e+00
-8.493395493395496487e+01
0.000000000000000000e+00
-1.269551624845742879e+02
0.000000000000000000e+00
-2.933738509168851465e+02
0.000000000000000000e+00
-4.748584748584749349e+01
0.000000000000000000e+00
-4.206850926850927408e+01
0.000000000000000000e+00
-5.869894811071280571e+01
0.000000000000000000e+00
-9.351767736907054029e+01
0.000000000000000000e+00
-2.204746584684665436e+02
0.000000000000000000e+00
-1.506759906759906897e+01
0.000000000000000000e+00
-2.125978596566829992e+01
0.000000000000000000e+00
-3.280261534131501833e+01
0.000000000000000000e+00
-5.461144428327085620e+01
0.000000000000000000e+00
5.534731934731933478e+00
0.000000000000000000e+00
3.822624434389148895e+00
0.000000000000000000e+00
1.959650256863872286e+00
0.000000000000000000e+00
-8.852516592454708899e-01
0.000000000000000000e+00
-6.104581647992558757e+00
0.000000000000000000e+00
2.566647470176882706e+01
0.000000000000000000e+00
2.699690402476779383e+01
0.000000000000000000e+00
3.187318357596995355e+01
0.000000000000000000e+00
3.975592532383488020e+01
0.000000000000000000e+00
7.572850678733031771e+01
0.000000000000000000e+00
5.194878434259238986e+01
0.000000000000000000e+00
5.778865097750545488e+01
0.000000000000000000e+00
7.055266864124043025e+01
0.000000000000000000e+00
9.094041024260434369e+01
0.000000000000000000e+00
1.183310311979042382e+02
0.000000000000000000e+00
8.772235813721880504e+01
0.000000000000000000e+00
9.805347028795677033e+01
0.000000000000000000e+00
1.195305544206769781e+02
0.000000000000000000e+00
0.000000000000000000e+00
0.000000000000000000e+00
1.794865444153369936e+02
0.000000000000000000e+00
1.350216067416228611e+02
0.000000000000000000e+00
1.492766517907990078e+02
0.000000000000000000e+00
1.801519154225728983e+02
0.000000000000000000e+00
0.000000000000000000e+00
0.000000000000000000e+00
-2.503878787878787762e+02
0.000000000000000000e+00
-2.523969834087480990e+02
0.000000000000000000e+00
-5.281753560371516869e+02
0.000000000000000000e+00
0.000000000000000000e+00
0.000000000000000000e+00
-1.498337218337218530e+02
0.000000000000000000e+00
-1.397034965034964671e+02
0.000000000000000000e+00
-1.994821624196236769e+02
0.000000000000000000e+00
-4.449937678420650400e+02
0.000000000000000000e+00
-8.800310800310802506e+01
0.000000000000000000e+00
-7.928491552020963695e+01
0.000000000000000000e+00
-1.050157310182078447e+02
0.000000000000000000e+00
-1.599096927839962348e+02
0.000000000000000000e+00
-4.982564102564103337e+01
0.000000000000000000e+00
-4.105489281959869885e+01
0.000000000000000000e+00
-5.351750416765894158e+01
0.000000000000000000e+00
-7.581141252967879041e+01
0.000000000000000000e+00
-1.180078072418899922e+02
0.000000000000000000e+00
-1.511476758535581943e+01
0.000000000000000000e+00
-1.999870098941305230e+01
0.000000000000000000e+00
-2.885607684369295001e+01
0.000000000000000000e+00
-4.268879753978691838e+01
0.000000000000000000e+00
5.754851684263452505e+00
0.000000000000000000e+00
4.218895407997569791e+00
0.000000000000000000e+00
2.793903722696299496e+00
0.000000000000000000e+00
8.509809290533745241e-01
0.000000000000000000e+00
-2.148900575800597679e+00
0.000000000000000000e+00
2.636494403429387745e+01
0.000000000000000000e+00
2.725122143078800363e+01
0.000000000000000000e+00
3.161380729021058045e+01
0.000000000000000000e+00
3.810866769520691122e+01
0.000000000000000000e+00
7.885077399380801921e+01
0.000000000000000000e+00
5.257327935222672721e+01
0.000000000000000000e+00
5.740273564099111070e+01
0.000000000000000000e+00
6.844296261014525840e+01
0.000000000000000000e+00
8.453612120668250896e+01
0.000000000000000000e+00
1.209730207872623140e+02
0.000000000000000000e+00
8.786488156255285276e+01
0.000000000000000000e+00
9.647917992896859118e+01
0.000000000000000000e+00
1.146944257489418533e+02
0.000000000000000000e+00
0.000000000000000000e+00
0.000000000000000000e+00
0.000000000000000000e+00
0.000000000000000000e+00
-3.771623931623930730e+02
0.000000000000000000e+00
-3.636397660818713575e+02
0.000000000000000000e+00
-7.364030396847734892e+02
0.000000000000000000e+00
0.000000000000000000e+00
0.000000000000000000e+00
-2.371713515242926746e+02
0.000000000000000000e+00
-2.115250297689926242e+02
0.000000000000000000e+00
-2.913151113076809224e+02
0.000000000000000000e+00
0.000000000000000000e+00
0.000000000000000000e+00
-1.481561761404898903e+02
0.000000000000000000e+00
-1.294798328606377993e+02
0.000000000000000000e+00
-1.647630388187664039e+02
0.000000000000000000e+00
-2.431337337375835830e+02
0.000000000000000000e+00
-8.959641665524019061e+01
0.000000000000000000e+00
-7.676137416075494002e+01
0.000000000000000000e+00
-9.583104202299250574e+01
0.000000000000000000e+00
-1.304152886643128397e+02
0.000000000000000000e+00
-5.239376571141275463e+01
0.000000000000000000e+00
-4.077909458962092515e+01
0.000000000000000000e+00
-5.090788124843852813e+01
0.000000000000000000e+00
-6.810547254752395929e+01
0.000000000000000000e+00
-9.481127804756819444e+01
0.000000000000000000e+00
-1.534498690164325296e+01
0.000000000000000000e+00
-1.933014354066985163e+01
0.000000000000000000e+00
-2.673006263664495208e+01
0.000000000000000000e+00
-3.730407032730362005e+01
0.000000000000000000e+00
5.917853457172340015e+00
0.000000000000000000e+00
4.487163610383428924e+00
0.000000000000000000e+00
3.326040854644977784e+00
0.000000000000000000e+00
1.876131077907880140e+00
0.000000000000000000e+00
-1.695827571719590310e-01
0.000000000000000000e+00
2.703818369453044923e+01
0.000000000000000000e+00
2.752067262391666702e+01
0.000000000000000000e+00
3.154287252658500051e+01
0.000000000000000000e+00
3.732168010250120460e+01
0.000000000000000000e+00
8.196373286156567417e+01
0.000000000000000000e+00
5.326024353295856884e+01
0.000000000000000000e+00
5.729715356658416425e+01
0.000000000000000000e+00
6.725929914299814527e+01
0.000000000000000000e+00
8.111500664174174346e+01
0.000000000000000000e+00
0.000000000000000000e+00
0.000000000000000000e+00
0.000000000000000000e+00
0.000000000000000000e+00
-5.406642724458204157e+02
0.000000000000000000e+00
-5.023207430340557380e+02
0.000000000000000000e+00
0.000000000000000000e+00
0.000000000000000000e+00
0.000000000000000000e+00
0.000000000000000000e+00
-3.531858061443201109e+02
0.000000000000000000e+00
-3.027323603125460068e+02
0.000000000000000000e+00
-4.047731092436974336e+02
0.000000000000000000e+00
0.000000000000000000e+00
0.000000000000000000e+00
-2.315922319166900820e+02
0.000000000000000000e+00
-1.947482733984281822e+02
0.000000000000000000e+00
-2.397702594081111442e+02
0.000000000000000000e+00
0.000000000000000000e+00
0.000000000000000000e+00
-1.483029465890147094e+02
0.000000000000000000e+00
-1.244971746519733813e+02
0.000000000000000000e+00
-1.499405724620424110e+02
0.000000000000000000e+00
-1.982548514508778226e+02
0.000000000000000000e+00
-9.164353417480351993e+01
0.000000000000000000e+00
-7.561315464721037927e+01
0.000000000000000000e+00
-9.105640059227351912e+01
0.000000000000000000e+00
-1.174735351067023856e+02
0.000000000000000000e+00
-5.509151702786378024e+01
0.000000000000000000e+00
-4.087906644439151904e+01
0.000000000000000000e+00
-4.946817565258809424e+01
0.000000000000000000e+00
-6.393568655062797745e+01
0.000000000000000000e+00
-8.440043672694099541e+01
0.000000000000000000e+00
-1.567943387881468453e+01
0.000000000000000000e+00
-1.897492501665337272e+01
0.000000000000000000e+00
-2.545806144320076925e+01
0.000000000000000000e+00
-3.428922690357605063e+01
0.000000000000000000e+00
6.043343653250767389e+00
0.000000000000000000e+00
4.678622387169970587e+00
0.000000000000000000e+00
3.688913805268635215e+00
0.000000000000000000e+00
2.543721053130115095e+00
0.000000000000000000e+00
1.023750033229923417e+00
0.000000000000000000e+00
2.769209468684499242e+01
0.000000000000000000e+00
2.779290733226928012e+01
0.000000000000000000e+00
3.155953994107176896e+01
0.000000000000000000e+00
3.690168686554558519e+01
0.000000000000000000e+00
0.000000000000000000e+00
0.000000000000000000e+00
0.000000000000000000e+00
0.000000000000000000e+00
0.000000000000000000e+00
0.000000000000000000e+00
-7.454057603902806477e+02
0.000000000000000000e+00
-6.714604693552061008e+02
0.000000000000000000e+00
0.000000000000000000e+00
0.000000000000000000e+00
0.000000000000000000e+00
0.000000000000000000e+00
-5.016645892806882898e+02
0.000000000000000000e+00
-4.156185220083457352e+02
0.000000000000000000e+00
0.000000000000000000e+00
0.000000000000000000e+00
0.000000000000000000e+00
0.000000000000000000e+00
-3.417128753599341167e+02
0.000000000000000000e+00
-2.770657248406608915e+02
0.000000000000000000e+00
-3.317999066487423079e+02
0.000000000000000000e+00
0.000000000000000000e+00
0.000000000000000000e+00
-2.293306355901345910e+02
0.000000000000000000e+00
-1.861609907120743514e+02
0.000000000000000000e+00
-2.174100294213795337e+02
0.000000000000000000e+00
0.000000000000000000e+00
0.000000000000000000e+00
-1.493661261339279918e+02
0.000000000000000000e+00
-1.218555454506457210e+02
0.000000000000000000e+00
-1.420427969392298735e+02
0.000000000000000000e+00
-1.783777493800376988e+02
0.000000000000000000e+00
-9.394234248723412861e+01
0.000000000000000000e+00
-7.517393720382008837e+01
0.000000000000000000e+00
-8.830167559187346171e+01
0.000000000000000000e+00
-1.103875323432195046e+02
0.000000000000000000e+00
-5.786927211075816047e+01
0.000000000000000000e+00
-4.119146972290060660e+01
0.000000000000000000e+00
-4.864807148700001704e+01
0.000000000000000000e+00
-6.141852137383165910e+01
0.000000000000000000e+00
-7.857647909322386681e+01
0.000000000000000000e+00
-1.607791858162029541e+01
0.000000000000000000e+00
-1.880236140222679353e+01
0.000000000000000000e+00
-2.465018471156578528e+01
0.000000000000000000e+00
-3.240624596229889676e+01
0.000000000000000000e+00
6.142893465547926368e+00
0.000000000000000000e+00
4.820841874507244995e+00
0.000000000000000000e+00
3.948470616316698489e+00
0.000000000000000000e+00
3.006482081743200752e+00
0.000000000000000000e+00
1.815254997452496966e+00
